5
43 69 62 98 33 
70 8 87 79 1 
45 68 82 55 89 
71 94 98 9 3 
18 61 65 80 97 
24 38 82 75 78 
72 91 41 12 28 
40 41 47 2 40 
40 18 52 42 5 
63 64 67 47 0 
37 77 95 0 65 
90 80 33 65 11 
7 7 20 78 46 
9 41 2 43 43 
81 47 4 39 69 
38 44 9 61 77 
41 45 100 8 30 
7 97 76 44 60 
70 62 2 23 33 
12 92 88 69 59 
54 77 77 88 46 
10 46 21 57 18 
60 46 59 97 71 
73 58 50 79 40 
35 10 43 10 2 
75 57 100 64 3 
92 24 39 92 15 
32 8 82 89 3 
15 52 13 93 40 
77 94 41 4 4 
54 35 81 78 18 
28 44 33 25 88 
12 90 71 56 85 
68 78 99 35 5 
42 46 50 50 38 
12 6 67 4 97 
31 99 34 57 11 
27 80 42 29 67 
18 32 8 20 5 
6 27 10 95 65 
41 3 61 57 29 
93 37 49 26 94 
52 92 47 25 21 
39 26 26 80 7 
77 52 92 22 83 
0 7 85 94 15 
55 30 12 0 95 
22 42 82 44 49 
93 12 67 47 42 
72 80 62 40 58 
96 45 73 73 75 
95 37 52 67 24 
92 3 39 56 92 
23 61 58 85 54 
55 39 58 22 1 
56 40 6 74 66 
68 5 42 92 67 
79 58 90 30 65 
58 31 77 46 40 
95 78 14 47 32 
87 87 69 63 87 
25 93 90 28 75 
15 12 63 12 90 
65 70 13 47 82 
77 22 80 77 39 
67 89 42 55 16 
88 98 72 92 15 
38 15 52 1 22 
2 20 6 25 11 
22 15 96 3 0 
25 96 33 64 40 
61 50 53 84 35 
6 88 76 21 42 
46 0 93 37 20 
11 66 19 48 34 
19 53 51 40 39 
20 45 4 56 86 
11 58 95 40 3 
62 67 75 90 28 
93 91 81 74 98 
14 64 34 89 15 
4 95 9 1 16 
32 23 54 30 74 
69 62 10 48 4 
8 65 16 21 28 
97 57 17 17 92 
88 2 68 76 60 
97 64 83 22 95 
66 39 89 85 44 
78 83 55 89 88 
6 8 57 52 88 
76 48 29 83 23 
87 22 31 76 34 
49 47 41 86 31 
76 30 45 53 14 
89 8 43 37 16 
8 74 26 85 12 
30 31 54 17 24 
68 67 13 44 19 
19 72 49 7 68 
36 62 42 63 20 
95 56 25 100 9 
93 99 33 100 9 
64 62 29 39 71 
4 88 83 15 3 
5 58 83 90 88 
93 79 8 96 83 
76 85 16 81 40 
20 51 7 54 31 
11 27 17 58 20 
16 88 74 2 39 
8 54 37 87 5 
17 32 49 1 30 
47 21 68 24 71 
41 64 7 20 27 
25 100 15 1 44 
16 18 2 73 9 
50 27 51 86 17 
30 77 61 70 4 
32 33 12 98 60 
73 26 99 49 35 
41 17 2 34 3 
66 83 61 41 9 
82 3 73 50 33 
25 36 47 90 9 
84 55 39 73 22 
26 33 99 97 66 
51 24 98 87 9 
47 13 22 71 92 
79 97 51 81 68 
48 0 78 90 86 
69 51 77 78 56 
54 76 95 15 7 
11 54 6 20 70 
47 77 18 53 67 
11 16 64 54 90 
62 9 29 24 52 
86 68 45 16 38 
75 45 60 79 83 
71 96 70 27 77 
73 61 16 79 44 
19 64 53 50 49 
3 85 40 84 42 
45 25 80 59 29 
51 42 17 37 78 
2 27 10 40 49 
59 39 9 25 100 
84 32 96 60 54 
86 39 44 70 11 
40 0 28 78 96 
17 89 29 9 68 
18 19 12 56 93 
34 65 5 36 7 
12 18 6 6 24 
10 13 64 91 44 
28 6 94 45 54 
27 7 61 42 21 
4 3 16 43 41 
56 23 70 67 45 
39 69 6 41 53 
91 20 68 12 62 
37 8 33 49 53 
51 71 26 11 64 
96 74 78 39 24 
89 15 74 55 11 
32 84 31 96 73 
39 32 47 42 53 
47 94 97 1 62 
88 39 65 9 18 
85 95 49 99 53 
99 38 55 53 90 
78 49 28 64 21 
31 0 30 33 85 
64 8 38 64 65 
45 26 41 32 0 
13 85 42 20 92 
54 99 47 48 53 
28 43 38 16 48 
97 43 50 86 35 
17 24 19 18 19 
69 73 95 42 72 
72 67 38 9 33 
72 76 26 13 71 
100 54 32 33 7 
19 75 18 90 20 
20 34 11 72 86 
75 62 86 35 81 
15 26 98 38 23 
31 32 67 41 27 
66 41 10 51 55 
5 29 32 20 88 
89 91 17 99 59 
19 12 11 97 39 
57 21 1 9 21 
17 20 21 51 40 
8 56 30 95 77 
44 49 97 24 45 
27 48 14 70 54 
100 81 0 8 27 
63 89 56 25 46 
83 1 28 6 13 
93 59 71 97 93 
94 10 10 22 56 
64 47 67 77 35 
76 79 27 17 36 
26 3 86 87 10 
29 42 77 53 36 
72 79 28 9 43 
89 30 82 35 21 
43 40 19 56 57 
54 88 90 44 5 
84 29 34 2 58 
22 98 50 86 95 
6 71 88 38 66 
21 43 88 2 39 
57 82 92 92 43 
2 41 64 11 70 
24 71 89 99 15 
55 98 19 13 17 
54 38 96 34 85 
3 7 28 96 62 
59 4 50 91 86 
16 46 74 40 90 
24 25 34 54 57 
5 100 16 25 93 
66 9 24 82 10 
19 15 65 20 67 
100 93 64 7 48 
82 34 63 33 29 
16 68 29 86 67 
85 34 53 29 23 
97 7 41 48 81 
68 0 32 17 5 
67 65 17 32 41 
92 19 36 71 43 
98 84 63 88 85 
31 37 56 86 43 
51 50 83 50 77 
74 41 42 31 16 
27 2 87 63 45 
35 14 35 48 16 
67 56 36 68 45 
90 61 90 13 61 
51 94 81 26 36 
13 76 16 70 76 
10 40 6 65 61 
7 82 82 68 44 
29 75 15 16 39 
37 87 13 70 10 
28 27 20 78 24 
19 8 12 35 9 
25 97 66 40 57 
96 89 35 64 8 
54 48 100 1 60 
32 87 50 58 49 
89 36 66 99 43 
54 59 79 36 66 
76 30 66 48 21 
34 81 91 67 26 
28 24 18 2 35 
33 11 11 5 33 
99 99 41 16 76 
78 46 81 65 19 
78 16 12 75 44 
29 77 21 2 80 
13 93 62 37 76 
85 68 88 75 66 
73 29 52 46 58 
5 45 1 63 29 
35 85 51 13 82 
29 2 81 75 69 
18 17 84 67 86 
40 41 13 69 29 
77 67 9 81 17 
54 13 38 54 9 
14 43 9 52 99 
81 58 37 44 16 
17 25 96 31 27 
52 80 70 92 72 
50 3 39 20 30 
69 100 56 19 54 
51 13 72 65 100 
71 45 40 97 32 
93 4 22 21 37 
1 46 41 49 89 
4 15 82 47 4 
1 40 21 29 66 
34 43 76 2 97 
22 61 68 72 44 
43 67 35 100 7 
97 33 28 62 46 
68 18 83 91 56 
88 57 79 48 78 
12 67 64 89 94 
82 10 86 21 42 
28 96 72 81 59 
85 50 45 71 76 
51 53 92 5 9 
12 95 47 11 22 
10 6 40 33 17 
65 73 3 56 10 
98 71 48 78 31 
17 76 43 87 56 
49 15 40 21 22 
42 5 23 85 68 
68 6 61 75 5 
11 85 81 85 20 
38 52 35 13 20 
20 55 79 57 97 
10 16 35 53 78 
0 9 49 26 44 
29 56 47 93 52 
79 47 57 68 26 
0 34 8 79 24 
98 60 79 80 60 
20 0 74 34 25 
16 7 12 49 57 
53 8 55 95 20 
75 13 14 32 76 
41 95 33 6 9 
31 11 89 63 8 
42 25 78 92 32 
46 24 52 82 43 
75 56 57 0 4 
48 27 64 35 3 
60 89 44 60 3 
43 18 62 62 64 
28 49 96 62 28 
79 67 54 66 74 
16 20 77 7 82 
16 55 85 42 47 
85 70 68 95 58 
87 39 53 29 39 
97 95 33 87 93 
26 21 14 36 55 
52 87 82 93 83 
29 70 77 30 7 
90 98 93 9 74 
18 6 77 35 51 
13 30 26 64 84 
43 48 37 53 77 
84 58 98 100 11 
81 23 65 26 40 
48 43 49 52 20 
40 64 9 95 80 
24 52 92 44 47 
36 85 75 45 33 
66 59 39 53 56 
46 92 96 6 61 
12 77 83 37 50 
47 36 74 41 99 
12 23 75 18 88 
19 42 0 36 75 
45 39 97 12 65 
11 23 50 60 96 
60 32 3 52 34 
44 14 10 99 0 
52 85 46 28 33 
14 16 50 11 28 
37 86 3 54 25 
58 63 16 93 86 
75 8 42 53 65 
84 71 23 16 29 
57 70 59 61 10 
52 87 54 27 0 
10 69 27 85 57 
96 26 73 42 45 
12 93 48 100 62 
22 90 88 76 24 
40 94 64 46 26 
32 1 56 43 20 
86 36 0 88 90 
84 64 28 20 19 
80 100 13 27 0 
90 18 42 17 0 
13 37 91 40 66 
63 34 28 28 68 
49 18 82 8 12 
27 11 89 33 61 
32 90 100 95 26 
70 44 94 57 39 
44 31 17 70 10 
65 53 10 63 17 
11 63 41 83 18 
51 64 72 16 96 
86 18 20 74 98 
80 76 38 31 96 
17 88 38 9 34 
51 23 54 53 95 
8 77 0 22 27 
35 79 57 48 13 
76 82 46 62 94 
49 13 32 89 50 
35 13 52 97 14 
63 79 74 88 9 
52 90 70 82 67 
82 6 47 8 32 
58 42 17 71 51 
66 4 75 2 10 
16 52 24 71 25 
24 87 72 94 81 
88 68 30 73 46 
72 54 6 0 48 
28 96 56 0 84 
81 44 52 43 69 
23 82 93 34 45 
4 30 54 45 54 
47 8 41 79 99 
2 65 59 17 14 
82 15 19 81 85 
70 55 51 77 89 
15 8 47 68 7 
24 12 86 38 12 
32 11 60 68 63 
42 31 40 88 45 
81 29 33 83 100 
80 81 12 24 69 
55 2 61 93 48 
87 76 87 47 1 
10 68 85 55 85 
68 90 13 36 60 
1 92 9 25 32 
78 90 67 59 59 
98 27 2 71 100 
27 16 6 85 33 
95 29 15 32 64 
91 52 61 80 86 
69 49 40 51 8 
96 47 84 1 3 
3 21 49 31 28 
24 24 40 86 10 
87 54 22 62 65 
43 35 36 49 81 
45 64 89 22 53 
1 81 27 14 91 
94 93 14 36 50 
87 31 31 60 18 
62 16 6 89 93 
26 65 97 19 91 
34 10 76 60 89 
98 46 32 28 0 
7 32 62 36 81 
8 58 37 35 31 
69 7 53 99 50 
58 2 65 68 3 
88 35 47 99 84 
73 12 1 72 29 
34 87 94 45 59 
96 20 94 69 76 
1 54 72 79 26 
82 22 70 17 11 
60 88 33 16 84 
10 21 62 91 94 
10 0 54 48 6 
72 31 14 95 46 
48 73 26 90 27 
3 49 59 69 87 
52 12 91 42 100 
21 21 36 18 89 
73 73 89 11 8 
14 71 55 15 23 
24 15 29 36 31 
15 50 37 62 48 
92 45 46 8 40 
63 86 5 9 12 
56 64 76 67 90 
31 91 91 39 85 
38 50 90 16 62 
21 28 15 80 82 
93 92 15 76 17 
39 96 28 50 46 
94 0 68 55 30 
75 0 88 62 34 
10 54 90 55 84 
92 74 62 0 42 
15 61 98 57 49 
90 21 7 34 60 
23 4 30 66 51 
20 1 96 33 89 
53 20 97 59 91 
37 2 78 8 99 
35 73 3 5 79 
50 47 1 51 2 
24 7 10 23 5 
8 57 22 4 41 
36 80 19 45 12 
99 56 39 1 65 
33 93 28 97 37 
24 41 99 12 61 
78 20 81 35 14 
55 57 65 44 36 
0 51 27 63 89 
1 89 76 60 89 
36 24 31 100 29 
22 34 73 15 90 
92 99 54 70 24 
64 15 46 21 8 
93 30 42 68 37 
31 98 26 100 37 
55 13 34 68 51 
21 52 33 82 34 
79 13 72 92 69 
50 9 27 63 58 
19 60 65 18 85 
57 46 6 68 82 
92 79 53 54 70 
73 27 85 49 29 
4 48 68 19 96 
55 93 9 38 75 
66 87 84 75 0 
31 78 87 91 75 
77 20 14 69 3 
66 30 86 3 33 
20 57 16 23 19 
91 43 38 75 9 
16 37 35 98 73 
46 93 87 1 40 
20 7 83 57 73 
50 100 32 5 2 
95 6 78 22 38 
28 86 83 41 95 
100 46 28 79 98 
37 58 58 43 9 
100 82 91 98 16 
18 79 85 85 36 
44 21 43 77 83 
8 21 43 35 29 
7 89 92 88 17 
1 36 77 92 29 
1 80 5 23 70 
76 61 32 9 78 
48 30 67 75 44 
81 65 40 82 77 
80 89 76 3 40 
93 77 67 82 69 
42 72 45 72 100 
42 70 31 41 7 
93 98 73 26 82 
92 79 93 45 6 
53 81 91 3 35 
44 41 10 20 36 
34 34 43 91 41 
73 43 91 21 44 
94 59 68 100 29 
4 70 40 50 90 
83 69 44 35 54 
38 26 63 59 16 
35 53 40 75 0 
25 70 60 10 64 
23 64 23 22 21 
42 52 4 56 99 
77 30 1 35 88 
33 15 26 20 94 
93 66 87 20 74 
17 45 6 15 16 
13 96 53 78 51 
85 24 46 50 48 
37 56 89 6 23 
61 30 81 20 96 
39 60 23 29 43 
97 100 71 19 90 
43 25 67 22 25 
28 32 64 66 32 
38 88 56 27 0 
62 57 58 40 43 
18 73 19 36 9 
68 66 56 38 66 
7 46 30 74 64 
37 93 52 25 18 
90 12 81 73 71 
5 36 71 71 89 
48 54 85 92 53 
18 63 12 63 54 
26 4 33 59 14 
52 13 15 29 11 
83 53 47 1 30 
42 97 68 48 48 
93 71 31 6 85 
99 71 6 4 18 
33 93 60 83 5 
27 1 97 4 21 
60 91 44 52 98 
30 87 73 51 3 
0 55 75 60 1 
18 42 5 16 81 
46 66 80 87 92 
49 14 62 21 47 
29 61 65 89 100 
90 8 63 87 29 
68 49 97 75 37 
80 74 10 9 21 
45 72 97 73 39 
77 77 50 49 34 
10 2 71 36 84 
10 99 94 1 80 
83 61 81 44 82 
41 50 48 56 72 
26 23 97 72 73 
26 98 62 87 98 
40 94 71 97 16 
25 72 17 56 66 
73 52 48 17 39 
19 43 35 63 83 
3 8 92 10 79 
53 87 92 45 0 
80 28 71 27 42 
32 31 45 41 36 
59 91 47 7 76 
30 96 31 77 60 
3 5 2 35 64 
10 56 36 41 94 
2 16 56 63 53 
25 45 5 97 14 
94 4 76 11 39 
80 90 20 58 60 
64 11 84 41 62 
29 71 85 31 62 
64 72 0 66 93 
44 67 46 79 72 
17 35 60 100 74 
52 32 93 51 36 
98 57 85 92 5 
61 65 93 87 10 
63 38 7 2 57 
89 92 40 18 51 
36 17 14 95 14 
5 62 17 73 83 
37 52 82 65 0 
11 97 96 99 84 
45 100 95 77 71 
19 37 9 62 57 
25 96 92 48 100 
69 3 8 58 13 
3 81 3 86 54 
39 1 55 63 66 
87 77 36 33 79 
24 25 57 43 11 
8 56 78 57 41 
25 6 29 20 42 
52 84 17 74 66 
27 57 16 87 62 
48 52 56 2 9 
29 40 64 86 100 
93 91 12 49 44 
16 75 48 54 34 
13 97 59 96 1 
96 17 35 37 59 
71 44 89 94 81 
17 29 77 72 73 
39 33 25 12 41 
47 52 79 7 72 
72 71 7 56 5 
76 8 42 13 71 
97 7 63 69 90 
64 70 36 6 87 
48 2 63 3 41 
0 91 25 53 12 
45 56 49 38 10 
29 3 33 28 40 
43 78 12 30 58 
77 91 53 92 89 
65 8 45 15 15 
91 30 38 47 42 
27 47 18 63 22 
95 50 81 61 7 
31 90 100 87 49 
19 49 17 25 38 
52 17 89 47 34 
48 36 44 76 87 
66 66 64 23 96 
0 76 24 22 82 
27 92 25 81 10 
69 40 93 95 90 
39 16 44 34 62 
59 27 31 43 7 
64 58 6 20 25 
12 22 83 71 55 
57 59 64 100 53 
63 6 99 69 46 
56 100 38 14 24 
54 28 66 90 32 
92 23 28 86 40 
77 52 67 41 24 
89 99 12 20 58 
6 39 76 68 15 
44 61 89 58 40 
35 25 73 59 4 
19 9 31 41 24 
19 88 66 87 89 
60 85 41 69 47 
56 52 8 30 18 
8 66 62 26 4 
100 0 11 100 33 
2 61 76 12 77 
9 36 10 38 96 
69 14 79 42 34 
5 23 78 87 42 
23 36 46 17 81 
16 85 19 9 39 
61 47 33 34 5 
28 81 71 16 93 
72 15 35 28 79 
64 76 92 72 83 
86 0 83 91 46 
57 85 97 35 23 
38 58 56 96 72 
45 83 78 77 37 
30 100 51 27 48 
39 78 64 68 52 
73 19 84 90 10 
78 52 24 89 32 
33 92 96 24 96 
76 24 12 19 76 
46 99 68 81 72 
85 54 2 18 16 
56 99 63 47 1 
31 100 94 80 31 
26 38 24 99 68 
85 51 40 14 50 
26 27 82 74 47 
98 59 53 99 68 
78 96 81 25 92 
77 98 14 11 10 
12 48 56 88 80 
11 83 32 41 100 
51 26 56 75 70 
59 98 97 24 79 
65 62 71 83 83 
85 14 4 46 79 
58 17 49 14 14 
45 26 32 86 19 
18 6 46 75 0 
96 34 66 62 55 
52 33 96 18 50 
45 83 88 42 4 
43 52 16 36 80 
26 20 0 76 98 
64 45 41 98 68 
99 50 71 20 9 
33 89 28 56 55 
35 33 13 77 27 
2 77 57 100 1 
18 28 8 83 56 
5 51 38 24 58 
82 31 95 63 94 
69 38 82 72 55 
37 93 18 32 75 
22 84 67 45 24 
67 22 79 25 85 
82 8 65 1 10 
5 21 96 79 71 
98 29 41 16 82 
81 34 22 0 61 
97 50 41 22 79 
61 50 59 53 89 
1 95 0 64 72 
61 64 53 62 76 
100 19 51 55 83 
69 68 30 72 82 
66 84 98 35 99 
64 85 54 55 50 
62 98 12 3 22 
69 57 82 73 66 
70 28 39 54 32 
51 87 51 39 22 
42 36 89 10 0 
0 98 1 74 24 
95 58 54 27 86 
77 59 94 89 91 
37 56 29 17 60 
72 78 79 55 37 
13 44 25 50 81 
100 38 46 100 28 
23 63 84 54 59 
2 70 52 100 78 
37 79 34 42 11 
80 24 92 93 3 
100 92 55 82 45 
92 82 47 94 49 
3 6 85 76 62 
87 85 38 20 79 
72 96 11 1 82 
29 38 61 98 60 
95 12 98 79 6 
94 51 45 12 27 
72 46 96 26 49 
93 82 40 34 96 
93 65 37 94 17 
8 88 42 33 70 
16 47 27 29 4 
83 14 7 99 15 
37 31 16 90 25 
23 41 24 77 32 
32 65 23 47 29 
96 1 8 73 35 
1 37 64 62 2 
98 73 18 28 95 
87 49 59 4 93 
22 19 2 0 64 
40 47 98 57 8 
15 38 54 82 22 
49 39 4 97 36 
66 3 53 77 60 
35 11 84 1 5 
12 60 78 21 38 
39 26 43 30 73 
55 35 76 57 43 
28 74 79 15 98 
53 89 74 95 68 
38 88 9 26 64 
66 7 38 14 2 
39 64 100 99 29 
79 38 33 81 93 
38 75 40 81 36 
42 26 24 36 12 
40 76 94 82 89 
54 13 63 87 63 
20 49 57 82 53 
1 10 80 52 22 
73 55 91 19 98 
83 30 88 84 41 
37 88 87 92 26 
13 43 47 22 79 
67 10 33 73 90 
53 74 28 54 0 
10 46 83 56 83 
38 81 23 7 23 
10 50 79 30 49 
49 89 26 94 48 
81 95 100 90 46 
3 90 8 36 50 
69 2 91 44 76 
67 42 18 65 83 
51 36 37 53 38 
99 71 47 37 41 
4 37 51 47 2 
40 20 16 25 35 
87 63 73 92 48 
44 63 52 52 15 
68 22 69 91 0 
81 61 86 92 32 
84 95 35 98 41 
67 32 52 65 47 
42 36 17 91 56 
55 32 33 5 13 
58 66 48 47 3 
23 71 76 100 41 
5 88 90 26 89 
69 18 53 34 52 
13 7 93 39 80 
79 33 16 17 4 
8 98 62 88 32 
16 93 61 22 27 
2 8 93 91 54 
23 17 16 76 29 
4 58 37 9 16 
18 95 68 88 59 
56 82 59 77 10 
68 60 95 82 90 
64 6 51 12 27 
49 98 73 67 65 
85 1 83 22 85 
100 3 29 74 98 
62 22 38 17 13 
25 79 72 40 22 
26 43 64 98 100 
33 99 69 79 11 
26 51 99 98 2 
35 90 97 91 30 
42 58 90 15 47 
0 52 1 31 49 
6 95 47 55 71 
88 45 89 8 43 
37 92 36 84 61 
73 57 77 73 9 
49 48 97 51 51 
18 34 20 61 7 
4 61 21 80 0 
66 94 89 71 34 
38 90 47 97 24 
27 87 64 4 65 
27 94 53 69 67 
61 20 58 86 70 
70 71 92 3 100 
11 81 59 28 15 
80 81 84 89 7 
29 68 18 50 29 
32 21 49 77 83 
48 11 94 72 39 
26 1 3 79 32 
1 85 61 62 81 
11 64 14 33 69 
99 11 79 94 93 
69 100 52 90 91 
64 40 10 89 96 
17 30 59 59 30 
87 82 57 1 59 
99 64 36 77 94 
66 71 12 87 54 
16 72 77 96 19 
50 51 76 41 27 
17 68 72 8 81 
42 69 9 52 44 
30 4 83 4 30 
22 92 75 62 61 
73 95 42 17 9 
98 97 45 70 36 
95 51 15 6 28 
11 100 0 27 74 
14 72 22 100 86 
55 71 25 29 98 
60 78 73 0 39 
22 31 33 48 26 
8 2 2 94 63 
29 8 57 74 86 
64 35 100 4 55 
84 13 2 95 25 
56 80 64 78 99 
87 9 48 38 30 
50 5 7 18 98 
22 9 26 46 57 
97 53 24 93 37 
60 28 18 56 50 
3 90 96 52 54 
9 100 48 46 43 
96 66 17 76 1 
32 89 77 48 66 
43 98 73 58 61 
71 77 65 0 25 
81 47 73 29 13 
22 13 15 18 93 
1 54 75 89 21 
20 5 38 49 66 
34 41 30 32 71 
6 60 9 64 28 
14 64 94 90 55 
81 21 84 3 29 
66 32 9 58 59 
12 58 16 59 60 
69 99 35 29 91 
75 11 3 11 64 
64 84 78 14 78 
90 65 40 74 38 
1 63 0 69 3 
84 35 90 96 63 
92 72 16 12 66 
29 49 50 66 17 
53 42 41 46 15 
64 58 93 38 73 
58 70 66 92 6 
21 11 80 46 99 
24 76 18 48 76 
0 10 9 99 0 
43 3 56 72 20 
55 74 33 90 3 
27 57 0 0 11 
55 89 96 19 4 
54 83 50 39 28 
35 55 15 100 32 
31 76 17 33 41 
59 25 76 72 24 
44 87 32 29 48 
20 35 87 63 60 
95 47 17 83 3 
27 96 3 79 78 
79 72 81 62 0 
58 32 43 11 96 
96 42 52 98 17 
98 90 88 46 23 
50 73 92 22 45 
37 27 8 85 93 
46 37 9 84 90 
23 54 55 44 61 
21 29 60 29 56 
48 35 26 44 55 
24 26 69 62 86 
4 27 93 93 41 
42 90 9 86 40 
92 86 72 95 36 
83 36 55 86 89 
50 49 44 2 5 
60 87 75 48 15 
92 83 50 88 92 
93 78 80 28 78 
88 49 70 96 13 
56 73 0 31 28 
70 78 73 33 60 
40 28 75 85 72 
32 80 73 70 2 
35 88 80 92 16 
1 38 20 58 35 
85 75 15 83 100 
99 72 41 48 60 
74 51 16 100 9 
64 59 15 7 43 
62 90 53 73 31 
19 82 49 84 87 
48 69 74 90 67 
43 28 15 6 67 
46 95 92 85 47 
53 48 30 92 15 
61 17 42 41 53 
94 5 63 12 13 
98 80 15 92 69 
26 60 79 70 88 
65 100 74 67 55 
35 82 22 100 61 
9 94 14 16 50 
56 63 17 20 28 
54 41 10 87 2 
22 41 88 6 14 
68 51 56 70 18 
1 13 20 89 10 
50 58 20 9 79 
74 76 2 41 27 
15 2 3 22 100 
28 78 57 21 70 
74 24 43 96 72 
77 76 45 40 62 
0 36 27 45 45 
39 46 14 87 52 
31 98 46 76 79 
53 36 6 43 7 
21 6 77 42 80 
86 81 3 14 6 
59 28 23 87 90 
31 30 70 100 22 
10 0 66 72 49 
63 82 45 79 96 
29 76 21 18 55 
89 93 37 94 55 
27 75 3 47 84 
51 68 3 34 19 
48 15 65 3 50 
62 30 69 5 85 
5 57 67 23 30 
24 42 4 3 99 
38 18 32 30 68 
93 28 34 95 17 
0 87 35 97 75 
72 76 74 51 93 
65 78 59 91 90 
59 53 16 94 73 
24 60 99 5 6 
31 48 42 78 20 
62 56 82 21 86 
33 83 45 21 25 
58 24 15 30 41 
55 46 92 93 85 
2 71 13 95 75 
97 49 43 100 32 
60 84 19 37 2 
60 61 65 7 19 
96 15 63 32 47 
95 17 11 44 36 
51 19 100 44 23 
65 56 9 88 52 
90 33 49 39 29 
92 12 68 47 34 
45 3 80 81 6 
91 15 29 58 100 
92 9 68 22 81 
32 50 42 3 30 
62 51 93 89 54 
45 3 44 73 22 
21 30 95 79 70 
13 27 42 42 93 
66 66 57 19 42 
14 49 62 84 57 
35 27 36 55 92 
16 43 29 66 31 
74 60 100 33 36 
82 96 0 5 42 
44 91 21 22 21 
43 95 38 19 90 
74 55 73 47 47 
83 7 22 65 91 
44 71 71 30 5 
49 19 8 69 95 
87 62 90 89 95 
40 12 40 75 71 
9 49 91 51 94 
7 40 33 11 77 
27 88 34 5 48 
64 73 8 18 93 
48 76 90 73 95 
42 76 62 86 48 
31 53 97 33 24 
60 94 51 46 99 
40 19 73 88 82 
15 45 72 57 67 
10 1 51 62 86 
40 74 79 73 43 
30 63 7 33 58 
95 39 25 12 55 
51 5 11 53 48 
78 45 37 83 69 
92 17 19 85 96 
81 30 66 48 3 
57 52 17 87 2 
67 43 76 19 2 
59 69 36 72 37 
55 90 10 27 11 
54 4 7 53 19 
4 28 98 63 30 
19 81 33 16 96 
78 44 0 4 79 
70 6 92 64 70 
9 7 31 72 41 
3 25 61 9 100 
83 59 82 29 5 
64 61 68 91 10 
89 11 16 25 15 
50 9 100 64 81 
93 14 65 50 68 
38 9 51 56 91 
4 58 52 6 53 
4 63 8 22 55 
48 32 24 29 81 
55 73 82 4 20 
74 57 35 47 19 
61 7 0 55 6 
22 86 61 51 19 
64 77 50 66 74 
29 80 24 58 47 
42 57 80 41 49 
32 37 48 7 50 
57 47 27 9 30 
30 19 38 13 84 
85 78 24 18 47 
38 18 72 76 97 
71 97 2 16 89 
63 57 95 33 55 
22 21 72 15 30 
67 89 3 29 72 
70 59 89 49 40 
52 50 12 25 78 
46 89 57 82 19 
8 12 22 61 94 
61 35 51 1 63 
26 62 32 44 68 
3 57 16 77 43 
76 1 68 59 73 
81 24 40 24 50 
55 48 95 3 2 
51 38 57 85 11 
24 52 73 21 4 
39 63 12 96 74 
49 37 29 29 40 
44 15 62 22 35 
34 75 9 60 33 
74 15 42 94 45 
72 59 61 6 29 
73 99 36 53 27 
87 57 82 55 14 
20 74 8 61 49 
20 42 49 59 27 
39 48 60 16 87 
72 9 77 27 95 
75 29 63 6 75 
18 76 82 81 40 
72 96 93 69 54 
69 3 14 10 3 
67 29 73 89 10 
42 59 78 27 39 
44 33 31 18 85 
94 41 96 61 84 
86 45 31 28 67 
14 42 7 56 79 
11 21 66 37 50 
86 15 79 84 86 
9 23 49 80 6 
2 46 12 28 47 
15 51 81 33 70 
94 58 85 50 86 
94 25 54 45 58 
28 76 95 61 3 
54 4 27 40 41 
46 12 66 59 78 
16 82 58 80 2 
9 93 98 81 50 
42 80 98 69 28 
4 49 11 11 96 
75 15 9 59 30 
39 79 28 77 43 
57 7 23 33 50 
34 56 96 8 14 
44 57 12 61 95 
5 14 46 48 92 
22 94 84 77 5 
7 27 57 77 47 
49 33 45 6 83 
51 15 74 59 22 
95 56 91 61 54 
53 5 66 21 50 
32 60 86 32 53 
14 41 37 21 59 
53 45 51 54 32 
87 6 53 78 10 
11 26 66 2 23 
33 9 21 51 28 
32 69 4 6 41 
64 3 62 0 56 
2 35 85 63 15 
92 49 29 9 3 
75 97 69 81 15 
72 35 60 90 97 
91 51 28 33 49 
80 72 82 41 31 
45 44 11 9 18 
81 60 33 54 36 
0 93 60 9 14 
94 74 95 12 40 
66 3 83 42 55 
43 39 13 31 47 
37 38 74 28 34 
56 91 86 11 47 
53 41 76 80 76 
48 12 21 8 92 
88 86 9 25 27 
31 8 35 11 82 
19 56 22 66 54 
83 7 26 54 36 
25 51 17 8 38 
26 94 53 27 41 
55 46 41 68 51 
80 33 65 66 74 
20 88 64 77 65 
4 57 82 99 67 
30 56 12 85 72 
6 81 21 28 16 
5 97 41 28 0 
39 24 67 25 1 
70 45 54 49 82 
43 89 18 23 19 
82 24 75 7 22 
92 49 19 43 98 
54 28 18 93 86 
82 28 42 89 99 
8 47 70 48 5 
83 49 83 90 83 
27 19 78 4 14 
21 61 52 90 65 
59 26 60 44 40 
98 79 84 90 58 
94 24 60 11 27 
45 87 91 12 95 
99 90 84 12 99 
95 92 53 15 84 
99 77 62 25 82 
57 93 92 44 14 
43 11 3 18 9 
15 51 29 59 75 
5 56 5 86 85 
85 90 72 93 96 
31 35 79 35 67 
82 81 18 88 24 
43 14 6 99 86 
36 85 99 18 9 
58 6 94 57 12 
92 48 29 73 95 
77 10 35 9 95 
10 4 52 53 27 
75 3 18 68 63 
87 20 45 56 66 
57 44 84 60 41 
82 59 79 96 26 
31 37 33 40 23 
84 8 46 39 95 
20 39 72 9 34 
65 68 100 48 50 
32 26 16 35 23 
91 3 26 88 55 
4 73 11 29 97 
97 4 86 73 73 
29 39 51 3 69 
32 63 98 58 74 
52 37 35 70 71 
45 14 13 75 81 
32 19 2 56 6 
60 72 70 12 80 
8 27 77 85 85 
82 21 66 85 62 
26 18 47 62 11 
33 57 96 27 100 
26 47 86 5 52 
65 0 0 9 91 
53 8 74 36 47 
87 51 30 0 41 
77 41 47 41 35 
1 66 78 54 29 
39 33 57 65 97 
85 40 51 68 22 
33 1 98 75 5 
52 70 73 5 58 
15 25 95 38 54 
35 88 18 41 24 
14 30 71 83 69 
29 8 18 78 54 
89 56 39 67 90 
94 34 8 48 71 
51 71 74 77 28 
100 59 37 82 96 
93 62 34 47 37 
50 20 43 20 18 
39 27 77 13 96 
49 98 96 15 96 
62 77 46 42 25 
45 96 18 90 66 
95 1 89 40 26 
13 100 28 73 5 
16 18 95 61 50 
9 1 63 1 36 
83 63 55 18 11 
71 15 61 48 50 
10 87 73 70 79 
74 72 84 10 61 
60 13 77 56 78 
16 17 71 85 61 
66 4 20 97 45 
63 81 34 31 1 
76 37 20 90 12 
72 27 85 19 42 
69 100 59 28 67 
93 34 46 91 53 
62 80 55 97 23 
96 13 7 88 38 
72 82 3 96 75 
81 21 94 67 28 
81 47 81 85 6 
53 33 40 57 46 
63 99 35 21 25 
74 81 63 74 61 
72 66 4 6 81 
75 26 65 11 56 
12 98 33 32 26 
40 55 99 21 98 
8 18 40 45 37 
13 79 14 73 48 
91 35 42 73 25 
18 38 70 71 89 
7 5 79 32 35 
21 49 75 57 61 
5 5 41 81 53 
77 74 21 71 65 
93 91 72 67 7 
93 83 95 53 8 
39 28 94 13 76 
97 83 39 83 56 
24 58 38 34 92 
38 48 33 51 79 
40 18 37 59 77 
8 26 85 23 60 
18 33 24 58 100 
32 56 2 6 13 
95 7 85 2 75 
96 75 46 5 96 
34 44 24 5 15 
42 8 68 82 90 
36 20 71 63 53 
96 27 83 12 53 
62 21 72 35 66 
5 65 1 97 73 
99 31 3 13 70 
91 86 58 51 82 
48 15 93 28 76 
62 56 15 79 10 
6 89 99 53 63 
35 99 75 0 45 
34 78 4 93 86 
38 96 45 31 59 
47 30 82 10 90 
17 89 85 42 33 
16 56 69 40 44 
89 49 85 85 97 
72 100 11 79 45 
31 77 77 31 4 
70 54 46 19 16 
89 36 68 33 59 
36 7 59 69 86 
19 51 58 32 77 
16 13 65 42 65 
87 22 72 20 31 
48 11 0 58 15 
13 13 91 69 98 
84 43 100 69 28 
26 85 85 65 47 
18 4 68 63 51 
85 92 69 57 92 
28 7 13 100 60 
19 86 62 37 35 
36 2 80 2 40 
3 17 43 2 89 
12 2 3 87 48 
4 26 77 88 53 
45 100 5 71 80 
68 19 69 78 42 
65 25 12 83 55 
71 57 26 66 100 
48 4 99 4 33 
44 34 69 87 1 
68 0 43 60 26 
64 24 35 18 62 
60 29 65 75 85 
75 24 6 40 51 
70 61 55 12 10 
49 44 82 9 67 
9 93 2 90 44 
94 78 27 24 41 
91 10 47 88 87 
49 78 39 37 36 
96 65 41 57 12 
84 82 23 29 4 
70 92 57 18 53 
42 31 50 40 97 
95 63 4 99 47 
19 16 53 62 97 
11 94 54 64 50 
2 51 55 62 27 
9 74 55 58 88 
25 19 42 47 79 
6 5 66 81 53 
78 59 60 66 58 
58 47 72 43 46 
19 13 47 54 26 
88 54 75 80 36 
53 45 9 79 50 
28 99 39 9 47 
100 23 82 83 97 
91 34 74 81 7 
22 9 1 18 53 
90 75 81 100 81 
25 15 98 85 61 
93 56 86 43 37 
90 94 72 68 35 
11 91 52 88 69 
15 49 2 58 50 
52 63 38 72 53 
16 1 26 77 28 
87 0 57 94 6 
74 24 96 55 28 
46 97 31 1 94 
5 45 82 1 71 
69 77 64 47 93 
79 41 51 45 44 
41 29 60 34 46 
34 42 83 28 14 
93 63 28 9 85 
31 90 90 46 22 
11 4 50 94 2 
54 27 82 6 5 
23 37 99 84 9 
23 18 17 17 13 
33 58 40 78 79 
95 53 10 33 33 
24 99 2 40 16 
38 90 58 89 84 
58 89 39 7 96 
72 95 1 67 33 
35 43 26 19 40 
38 40 32 48 69 
73 42 4 81 94 
17 73 6 90 2 
89 97 86 96 86 
13 41 96 61 46 
19 2 1 87 66 
47 33 30 37 49 
0 8 74 60 36 
100 11 22 15 9 
87 22 11 38 47 
41 5 55 43 83 
48 28 88 31 2 
5 0 40 90 47 
41 32 21 0 45 
99 37 23 36 89 
44 71 61 23 52 
19 50 27 88 18 
26 86 55 56 4 
49 97 30 48 22 
44 60 82 12 22 
73 11 51 41 42 
83 63 93 84 12 
22 91 73 38 16 
69 18 58 82 2 
72 98 99 64 61 
86 17 17 75 93 
70 63 69 56 92 
3 50 31 85 57 
0 40 88 16 36 
7 74 33 25 82 
29 84 66 16 70 
45 12 37 66 58 
47 29 57 96 44 
65 6 8 78 59 
97 67 87 2 97 
48 81 77 55 86 
39 37 11 16 9 
61 69 58 1 52 
99 8 25 31 0 
6 70 37 19 96 
49 78 41 43 77 
17 55 70 62 73 
31 20 12 27 37 
75 64 99 79 39 
71 13 93 99 23 
29 47 54 86 32 
79 86 66 8 24 
10 64 15 59 81 
35 4 7 80 3 
54 50 71 85 91 
99 47 76 90 98 
97 72 76 30 8 
34 52 59 28 78 
95 39 40 56 30 
7 7 81 27 17 
39 8 48 52 76 
18 64 87 9 75 
80 97 84 26 7 
43 66 40 74 12 
12 15 76 82 98 
30 42 2 100 86 
24 15 51 10 17 
39 26 90 97 36 
82 8 68 76 22 
77 52 41 3 28 
75 20 82 12 39 
54 79 77 13 5 
63 55 57 29 58 
21 8 73 0 60 
31 97 63 61 72 
82 33 61 59 67 
32 38 45 85 35 
84 12 71 100 89 
40 12 44 4 65 
30 65 21 1 100 
19 10 20 80 12 
0 22 61 18 9 
75 10 36 24 68 
80 84 21 44 69 
52 97 46 32 45 
67 85 97 68 50 
93 44 41 14 25 
88 26 98 79 98 
36 33 67 78 21 
10 8 70 23 81 
65 70 79 65 45 
68 37 86 31 93 
38 3 47 87 97 
25 99 22 91 92 
77 44 84 91 41 
21 53 78 63 92 
15 83 53 73 79 
96 20 34 73 79 
98 2 66 47 77 
17 82 13 20 5 
52 22 37 47 0 
62 24 40 77 32 
59 47 37 8 55 
36 76 50 15 40 
19 58 4 53 34 
18 40 22 52 91 
18 33 34 71 68 
8 80 34 98 36 
98 73 67 33 47 
51 98 78 9 90 
17 6 12 72 77 
21 58 54 33 83 
57 69 29 17 68 
4 6 68 13 72 
60 71 55 90 74 
2 3 76 58 50 
98 58 86 79 13 
16 92 98 56 19 
33 48 89 85 43 
32 27 19 21 46 
19 46 39 53 5 
19 67 1 60 16 
35 75 18 58 25 
40 40 66 93 49 
40 79 83 49 37 
68 84 83 81 24 
53 32 28 50 66 
35 70 13 93 1 
69 40 53 67 27 
4 13 100 5 89 
75 31 25 82 44 
41 45 52 88 91 
87 98 13 41 65 
11 26 76 32 93 
56 86 67 78 86 
44 42 15 27 31 
65 87 41 17 60 
20 22 48 27 36 
39 24 63 63 48 
66 44 20 70 93 
77 34 78 88 59 
69 73 68 28 90 
47 95 58 12 60 
41 100 2 82 44 
67 70 60 42 8 
72 15 41 72 35 
99 3 69 44 79 
40 19 70 4 63 
69 42 12 26 5 
53 37 52 30 75 
46 46 86 49 83 
31 22 45 2 97 
13 14 21 64 19 
85 84 71 35 4 
83 53 26 31 32 
92 72 74 72 91 
45 14 8 79 48 
95 3 56 98 4 
30 16 58 45 15 
42 2 18 86 86 
18 46 70 12 81 
41 5 64 73 46 
75 41 84 40 9 
76 60 75 27 84 
30 97 32 49 23 
13 49 9 23 92 
27 49 65 15 27 
15 86 84 60 71 
67 65 17 50 20 
13 45 100 93 49 
98 55 7 17 58 
72 80 91 15 87 
37 9 64 76 13 
99 80 27 62 61 
10 49 98 29 27 
22 89 24 17 46 
33 57 48 85 50 
54 59 97 83 92 
44 95 33 33 7 
90 98 45 17 41 
90 97 44 16 30 
60 79 41 47 18 
54 71 37 31 40 
6 42 71 2 92 
56 56 2 1 61 
50 19 43 64 83 
68 30 97 47 95 
62 33 85 30 15 
23 13 13 32 85 
52 13 57 55 29 
0 19 36 87 36 
35 61 6 87 80 
71 74 39 24 0 
52 7 66 24 53 
62 92 26 40 86 
48 28 21 42 3 
54 34 78 9 86 
48 73 70 64 4 
84 42 5 74 33 
57 69 36 4 65 
11 74 1 72 11 
29 3 14 42 4 
98 90 50 16 65 
77 35 14 75 39 
50 18 60 83 77 
31 17 66 3 83 
78 33 94 71 48 
8 81 40 73 53 
60 76 60 1 48 
66 17 11 87 37 
86 67 46 91 7 
50 9 86 54 32 
64 44 8 26 86 
81 92 53 87 44 
87 9 53 70 13 
19 9 85 24 19 
68 73 86 36 26 
23 48 44 97 55 
83 100 2 73 77 
25 14 66 44 20 
12 28 10 70 92 
14 13 36 21 91 
47 100 15 43 80 
78 100 75 34 20 
56 51 28 44 65 
49 66 20 32 22 
58 69 4 35 12 
86 31 48 49 36 
84 71 47 6 98 
19 64 22 78 86 
47 28 78 77 2 
72 40 12 75 99 
74 53 76 48 43 
23 73 34 93 83 
92 19 90 12 2 
90 48 79 59 63 
23 87 13 86 74 
26 90 63 12 11 
46 15 16 82 9 
23 12 76 78 75 
25 96 3 19 12 
87 91 20 13 7 
36 83 29 46 76 
79 59 74 20 74 
66 71 95 4 34 
83 5 63 30 79 
70 45 34 71 72 
86 38 11 7 41 
24 52 19 66 96 
79 33 88 86 43 
94 34 79 68 38 
71 57 20 48 82 
21 88 49 41 6 
57 64 14 92 26 
36 76 23 97 96 
12 68 24 32 62 
75 36 46 50 75 
96 7 57 40 84 
1 85 41 14 75 
65 98 66 98 4 
41 34 42 27 22 
2 20 2 29 82 
44 16 63 2 5 
70 15 75 80 72 
8 66 24 93 8 
56 8 18 22 88 
100 45 49 2 84 
67 58 82 27 85 
63 18 33 63 8 
86 24 36 18 70 
92 5 11 95 84 
86 31 39 84 95 
87 3 92 54 80 
62 89 94 38 23 
44 58 2 4 33 
25 99 50 92 61 
39 14 5 76 13 
35 54 22 99 89 
21 59 43 88 29 
14 92 8 15 98 
84 23 23 65 15 
36 21 6 19 67 
21 91 36 71 17 
22 91 100 78 30 
69 72 71 10 82 
38 97 48 30 98 
23 25 95 56 52 
52 73 79 50 34 
51 85 18 31 2 
0 96 10 58 68 
32 31 82 28 28 
7 61 57 65 45 
92 12 89 60 42 
74 11 69 37 88 
72 20 77 2 70 
35 78 81 8 43 
43 36 32 46 10 
10 46 56 99 81 
91 20 75 23 17 
12 100 92 94 68 
74 56 39 55 58 
98 41 71 65 14 
40 35 43 69 74 
15 58 84 93 17 
91 40 50 83 57 
96 72 15 31 93 
85 48 28 80 23 
84 28 82 92 84 
41 4 77 39 67 
34 88 53 36 28 
82 50 62 0 61 
40 32 85 17 85 
18 60 62 24 5 
68 95 62 90 30 
92 92 91 69 20 
32 51 79 29 93 
16 40 43 78 93 
62 28 51 15 28 
78 58 95 75 28 
90 1 55 97 85 
13 83 18 59 31 
97 16 60 70 86 
92 24 33 81 76 
50 88 61 86 87 
40 19 80 0 48 
80 7 6 3 21 
60 11 84 29 71 
98 40 90 27 5 
85 1 59 16 83 
18 57 98 24 40 
1 53 17 57 76 
45 96 81 33 87 
1 31 88 88 22 
50 73 76 32 63 
27 21 95 78 84 
65 80 43 2 76 
1 20 9 27 18 
18 8 18 65 20 
92 89 22 5 85 
79 53 50 99 55 
66 91 40 38 27 
77 56 2 32 48 
18 8 34 57 9 
10 49 85 36 16 
67 63 73 71 53 
65 15 36 37 94 
44 56 94 72 2 
14 19 92 12 18 
36 10 69 13 18 
100 53 42 62 62 
17 57 67 33 95 
55 99 59 57 19 
36 71 88 43 84 
8 51 33 23 9 
49 5 79 95 34 
21 50 44 100 28 
2 14 70 87 73 
81 53 93 87 62 
77 40 6 15 98 
0 69 72 98 12 
73 10 5 92 66 
60 95 98 63 55 
16 44 76 9 40 
29 75 1 79 11 
32 82 71 64 3 
1 13 100 45 2 
41 29 70 97 63 
30 68 100 47 79 
6 13 24 71 65 
50 49 37 44 29 
43 26 41 65 92 
99 10 37 65 1 
52 88 50 8 32 
74 80 11 72 88 
88 70 52 9 66 
22 57 86 46 41 
99 31 38 11 56 
14 26 12 79 21 
20 100 67 52 99 
30 100 42 83 84 
55 14 18 80 30 
52 19 85 30 37 
84 85 91 25 95 
78 92 48 100 20 
42 47 26 61 83 
10 16 72 40 66 
5 43 32 69 67 
7 9 17 44 35 
66 94 27 61 1 
51 78 62 28 100 
73 40 47 42 98 
70 58 15 50 19 
21 29 47 86 75 
25 92 12 70 29 
36 7 38 48 45 
21 55 52 78 79 
18 55 19 5 96 
25 55 0 67 66 
90 98 5 81 88 
14 48 13 39 53 
51 2 29 29 55 
59 7 52 82 66 
35 2 83 33 86 
15 75 96 88 100 
78 29 41 100 10 
19 14 31 51 10 
29 85 84 33 22 
27 85 60 0 8 
46 95 99 67 55 
4 5 6 6 58 
76 91 2 45 69 
56 26 34 67 89 
42 28 24 85 58 
65 65 48 29 84 
67 27 16 47 70 
52 19 2 28 100 
46 39 25 57 34 
9 97 9 21 53 
92 39 61 41 17 
43 32 76 30 25 
98 90 9 27 51 
79 29 86 37 83 
19 81 56 13 77 
42 82 75 48 84 
67 34 47 95 60 
79 74 88 33 37 
73 40 29 50 31 
49 2 13 80 96 
74 60 88 62 41 
5 8 90 88 79 
64 98 27 90 83 
3 73 41 17 84 
73 0 39 89 84 
39 95 48 23 78 
18 72 41 65 58 
80 92 49 22 80 
45 1 84 66 26 
52 99 40 36 84 
75 52 15 8 98 
16 28 59 33 29 
60 36 66 51 44 
94 13 65 76 94 
14 8 91 52 67 
44 97 58 93 57 
21 94 73 95 10 
7 57 56 15 68 
71 10 61 31 37 
13 91 48 40 4 
52 73 2 15 55 
95 69 25 13 82 
83 9 59 98 11 
7 63 69 60 57 
66 37 44 31 43 
66 69 2 80 99 
94 77 86 51 99 
3 72 66 52 68 
4 32 39 25 73 
8 47 42 60 54 
31 15 0 10 5 
73 62 11 35 4 
89 42 63 18 28 
88 83 18 96 1 
3 2 26 53 27 
66 64 38 26 89 
0 62 60 30 47 
87 10 24 29 86 
48 69 68 63 22 
15 86 32 83 56 
13 23 44 37 2 
81 60 96 6 70 
67 2 69 39 1 
48 23 37 14 16 
26 57 98 32 45 
42 46 10 3 59 
51 12 30 93 22 
78 29 2 49 39 
97 2 2 37 45 
67 20 72 25 89 
89 58 59 59 99 
91 98 94 100 37 
69 58 77 43 1 
59 33 70 24 80 
69 65 47 44 10 
41 51 6 16 98 
21 40 64 71 4 
29 59 90 5 70 
29 1 24 88 30 
53 29 14 42 23 
65 15 18 34 35 
22 27 74 77 82 
27 37 60 47 26 
57 8 99 68 31 
84 67 75 74 51 
97 4 47 19 33 
58 47 66 55 18 
37 70 74 5 46 
11 25 27 90 37 
34 69 59 86 78 
49 65 37 66 31 
22 73 84 97 78 
68 93 96 30 55 
86 40 95 81 95 
54 54 99 30 15 
17 94 85 37 28 
77 69 52 30 91 
91 23 81 10 26 
18 0 52 39 51 
15 15 25 23 78 
45 8 28 15 21 
27 69 25 19 54 
53 99 78 65 17 
96 43 50 6 52 
97 49 28 30 18 
19 99 29 84 86 
99 13 0 96 99 
43 48 25 15 25 
41 6 68 41 82 
53 67 50 88 96 
65 76 20 58 97 
73 95 20 37 60 
84 15 21 92 62 
49 51 48 72 81 
51 29 42 70 19 
83 24 41 46 12 
77 64 16 76 66 
49 57 47 99 18 
29 54 74 10 98 
33 50 78 72 38 
85 30 62 96 43 
37 31 45 80 44 
38 32 97 92 16 
28 74 69 39 8 
7 72 20 95 31 
45 41 32 76 2 
51 43 77 16 63 
45 68 17 46 72 
35 11 74 78 40 
28 14 4 97 85 
94 27 93 83 45 
77 11 88 20 16 
54 60 92 62 91 
3 43 86 18 34 
19 21 90 27 39 
95 88 52 100 1 
27 71 79 21 56 
95 24 47 83 97 
65 72 78 100 56 
89 41 60 2 99 
13 24 94 2 40 
69 27 54 57 40 
6 38 58 22 94 
8 6 95 38 48 
72 68 15 34 56 
40 8 70 68 22 
36 42 5 81 44 
20 67 6 97 21 
82 42 43 61 19 
41 15 13 43 83 
83 20 56 32 20 
53 35 59 86 93 
80 87 60 34 41 
69 42 34 48 89 
56 4 17 63 46 
40 99 7 56 48 
69 87 67 25 100 
68 23 9 49 5 
11 24 10 30 85 
65 67 66 8 11 
29 12 26 75 79 
80 99 28 64 49 
24 40 77 36 90 
53 5 33 45 47 
25 69 25 45 97 
21 89 89 23 65 
35 61 59 8 32 
3 88 38 97 100 
99 62 81 67 53 
87 66 59 1 36 
91 11 63 39 83 
26 66 63 11 46 
97 27 15 0 20 
4 67 52 27 87 
52 56 10 14 6 
49 30 94 23 93 
18 63 56 51 73 
93 39 55 49 51 
78 52 67 61 55 
42 69 46 17 0 
57 43 67 81 64 
30 35 24 32 41 
93 18 78 47 60 
5 35 76 9 52 
71 18 2 97 58 
12 66 12 72 99 
80 16 26 82 56 
80 62 50 95 64 
43 12 19 79 48 
60 2 84 56 61 
68 54 99 89 82 
47 0 72 59 16 
22 95 70 71 5 
5 6 84 64 80 
50 55 25 19 39 
99 91 6 20 76 
10 66 45 45 85 
20 93 97 46 0 
18 41 83 58 1 
51 98 29 52 95 
10 88 88 75 44 
29 70 71 70 29 
44 40 41 36 75 
8 47 66 91 32 
19 32 28 99 84 
16 96 78 23 14 
26 62 0 9 92 
3 58 25 64 13 
85 75 70 29 9 
30 6 24 32 25 
25 72 23 97 76 
69 71 66 95 75 
10 4 92 92 71 
85 64 37 72 3 
100 38 37 11 31 
96 64 63 46 95 
55 7 58 18 64 
12 63 26 28 5 
23 83 77 43 44 
14 58 88 48 62 
95 73 45 69 23 
58 99 51 48 21 
2 91 86 97 10 
99 84 82 95 45 
36 15 40 29 43 
58 4 11 80 74 
78 10 57 14 53 
98 39 67 23 44 
93 48 43 21 36 
0 73 8 28 48 
89 60 19 80 44 
48 11 79 44 63 
83 1 42 76 62 
8 53 68 6 28 
48 93 35 58 51 
20 71 5 59 92 
91 0 66 95 55 
48 56 76 97 35 
100 87 9 67 50 
51 93 20 57 32 
72 79 28 5 59 
79 9 33 83 1 
33 82 99 54 63 
36 2 77 88 49 
95 96 58 82 0 
88 63 36 35 58 
67 72 97 36 67 
95 28 95 62 100 
90 60 82 85 83 
36 16 24 80 56 
79 55 4 31 62 
72 39 86 93 61 
54 14 57 45 67 
8 48 75 77 17 
7 85 22 99 86 
84 67 78 23 27 
29 69 3 36 73 
82 70 5 59 77 
19 88 87 70 45 
83 38 98 36 64 
6 61 52 63 36 
73 35 91 78 91 
80 47 19 80 14 
29 80 33 43 0 
40 98 27 52 35 
43 21 62 35 40 
33 26 79 52 67 
62 46 16 27 38 
20 33 57 58 87 
98 61 84 56 67 
56 9 98 92 56 
9 77 11 79 63 
95 64 63 30 59 
43 30 8 58 10 
83 45 16 89 25 
69 84 69 57 96 
45 95 29 70 49 
36 8 15 10 55 
10 0 94 34 0 
0 90 46 63 20 
81 86 47 48 8 
56 59 0 41 77 
68 54 2 69 56 
71 6 33 39 16 
92 76 25 15 65 
63 86 55 20 86 
14 44 48 84 70 
59 15 91 89 14 
49 52 68 61 56 
45 29 56 82 0 
57 75 16 52 35 
28 10 30 99 71 
88 87 80 48 62 
19 56 80 17 61 
17 94 21 3 38 
9 23 88 45 77 
68 68 1 87 37 
45 64 44 58 32 
98 25 35 14 13 
82 53 16 17 69 
14 64 95 91 57 
33 28 65 3 94 
72 70 73 25 85 
64 41 14 99 20 
61 90 32 33 40 
36 27 9 17 62 
88 35 40 96 25 
96 52 37 78 13 
8 43 21 94 29 
41 65 21 8 8 
66 9 28 58 36 
91 26 76 46 87 
67 65 82 87 75 
68 34 67 28 42 
54 26 88 14 65 
89 39 21 70 7 
22 1 69 45 97 
40 8 62 81 26 
0 82 38 25 96 
38 5 17 86 44 
48 73 59 40 37 
75 90 64 74 75 
17 100 57 37 66 
17 27 32 52 37 
52 53 20 57 36 
36 73 4 94 27 
64 49 73 85 30 
30 43 73 38 9 
17 22 53 97 34 
4 5 64 51 55 
41 98 21 77 8 
30 95 40 69 92 
20 18 65 56 89 
27 87 39 42 4 
60 97 92 57 70 
80 66 78 65 81 
54 73 84 27 34 
34 11 13 56 1 
89 78 88 1 88 
49 54 43 71 95 
71 88 57 65 77 
84 26 98 70 27 
65 58 20 4 70 
13 53 74 35 87 
35 32 62 18 13 
70 78 68 49 97 
76 42 47 16 95 
92 78 10 65 40 
98 56 99 95 30 
87 24 90 74 60 
13 55 28 82 53 
41 97 60 63 87 
26 12 60 60 4 
80 94 66 56 83 
76 59 4 6 5 
88 49 63 66 49 
42 70 57 61 31 
33 8 64 36 50 
4 96 50 97 32 
100 99 43 34 15 
68 37 71 38 37 
63 38 29 98 44 
68 88 95 6 2 
60 78 77 9 7 
25 17 36 18 10 
32 13 32 0 24 
12 33 12 89 46 
93 89 99 52 22 
34 58 67 35 68 
63 46 86 74 11 
75 52 16 42 92 
20 66 9 28 86 
63 13 11 97 42 
2 76 98 90 25 
62 78 20 41 65 
50 39 26 87 13 
78 9 34 68 84 
86 20 62 3 52 
13 65 95 72 87 
20 96 21 25 87 
84 42 39 35 52 
49 1 11 42 17 
80 83 90 54 81 
86 4 69 18 1 
19 65 11 50 86 
4 53 15 6 95 
44 87 96 33 27 
56 85 5 41 85 
45 38 40 49 52 
34 73 80 18 25 
7 32 82 0 77 
65 85 55 82 3 
8 50 2 68 52 
38 3 97 11 79 
52 53 66 6 86 
71 14 74 50 30 
43 58 100 91 84 
46 55 24 34 13 
47 59 30 50 66 
74 17 69 71 12 
69 75 59 76 56 
53 60 9 16 75 
90 77 84 16 21 
77 43 83 30 15 
7 82 83 94 100 
50 21 25 100 81 
35 66 44 49 90 
55 84 8 40 74 
76 2 60 47 68 
88 2 46 81 25 
65 15 99 47 79 
91 72 42 50 15 
26 68 61 18 14 
34 100 87 52 32 
76 73 39 44 41 
28 41 62 42 35 
8 83 46 92 76 
39 85 68 27 22 
13 27 90 70 15 
25 48 57 65 80 
98 96 16 65 65 
21 64 0 9 85 
87 5 98 98 10 
41 0 60 65 56 
59 8 98 48 42 
54 22 67 29 79 
57 46 76 86 84 
23 93 49 37 13 
28 87 95 43 31 
50 63 35 53 24 
30 23 85 69 80 
21 27 0 79 35 
10 52 82 34 63 
45 89 56 8 48 
51 95 87 85 30 
73 88 67 43 7 
89 60 4 63 38 
93 18 27 92 33 
24 17 12 80 26 
62 52 32 14 97 
46 61 32 43 65 
37 14 85 88 12 
85 95 10 67 72 
93 31 76 53 62 
75 17 4 22 84 
29 46 82 71 30 
88 92 99 65 32 
51 60 59 38 97 
36 86 33 90 27 
0 16 11 92 5 
1 21 94 17 91 
30 29 31 100 18 
38 25 65 79 71 
88 94 10 90 8 
26 7 63 77 95 
23 25 32 95 87 
59 91 76 52 38 
13 98 46 46 95 
74 74 32 73 32 
23 6 47 85 17 
92 86 31 38 10 
70 87 95 7 45 
96 11 10 47 12 
100 33 55 46 9 
78 63 74 22 55 
41 64 1 48 42 
65 72 21 90 65 
38 91 26 21 84 
10 95 50 70 83 
68 83 60 81 48 
70 89 4 29 2 
28 81 58 65 85 
23 19 75 74 53 
35 25 35 98 58 
76 97 7 35 63 
61 34 83 39 29 
59 71 59 61 66 
67 40 60 5 19 
9 9 25 3 22 
16 98 62 43 25 
68 54 34 16 32 
7 24 8 96 85 
72 20 64 57 22 
55 36 53 48 42 
85 94 34 41 19 
12 79 7 54 56 
45 45 48 67 49 
45 6 48 14 72 
9 16 49 79 11 
56 55 98 93 74 
82 36 68 48 32 
22 96 57 68 2 
82 29 65 97 71 
58 50 28 58 12 
70 22 0 97 77 
56 37 42 82 69 
94 92 18 32 35 
22 97 24 100 39 
7 57 20 50 92 
64 7 36 21 15 
38 68 12 28 5 
11 85 16 97 36 
14 14 67 34 60 
38 30 69 83 40 
62 96 9 20 69 
15 88 56 42 74 
65 15 11 51 28 
23 45 51 40 59 
76 40 37 5 65 
64 15 95 30 53 
2 44 79 0 51 
10 61 21 2 50 
84 95 55 71 36 
14 55 9 39 71 
1 56 56 59 93 
38 42 5 2 73 
72 55 81 82 62 
63 47 83 20 80 
1 17 12 86 25 
41 62 67 51 29 
90 89 53 54 75 
10 70 33 48 51 
90 60 73 27 92 
90 48 96 6 93 
91 71 21 41 64 
24 22 29 25 87 
15 47 24 3 100 
18 94 38 27 49 
86 97 13 23 51 
62 78 4 42 35 
60 68 90 47 32 
42 69 56 83 88 
29 10 24 53 27 
2 57 73 49 45 
27 13 73 73 58 
12 18 97 86 13 
78 68 19 60 73 
4 30 54 14 43 
71 40 50 2 80 
62 64 10 46 19 
52 33 31 76 24 
35 76 99 33 65 
61 15 98 14 33 
90 24 65 59 1 
100 13 42 89 72 
14 44 70 71 45 
29 86 8 90 77 
26 51 99 12 25 
57 60 12 3 73 
87 44 82 36 21 
87 24 8 88 74 
35 22 93 80 98 
40 58 15 37 81 
57 41 67 93 59 
95 26 76 2 14 
26 87 78 47 95 
77 69 62 43 91 
49 84 14 23 87 
8 35 2 51 82 
38 11 37 21 78 
57 2 71 51 45 
26 92 71 48 84 
58 2 32 72 15 
13 68 90 81 21 
42 45 54 7 1 
48 87 73 62 0 
13 24 21 97 98 
26 1 65 81 46 
34 82 45 83 8 
64 21 50 73 5 
83 84 40 1 56 
23 49 77 36 99 
69 91 29 50 45 
12 84 51 28 81 
65 1 95 27 27 
3 89 25 16 59 
23 30 61 16 79 
90 67 47 28 46 
48 5 16 3 83 
10 87 100 89 71 
12 92 100 86 0 
93 47 90 60 18 
5 71 90 32 20 
95 57 12 86 91 
91 55 90 58 95 
41 47 1 46 45 
8 79 19 31 84 
51 39 4 85 28 
56 62 85 31 84 
27 79 83 20 44 
71 82 13 97 53 
94 71 43 9 85 
76 83 7 68 74 
58 45 9 66 65 
99 40 48 90 63 
20 73 11 1 51 
18 62 94 69 43 
99 78 84 86 93 
57 16 13 27 41 
50 94 77 1 7 
74 28 85 2 64 
50 8 57 94 74 
92 83 92 65 85 
86 96 23 60 15 
44 1 83 52 7 
97 2 14 43 18 
27 16 46 22 20 
56 12 4 49 15 
8 38 19 52 71 
2 21 57 99 26 
100 66 14 38 48 
41 79 33 53 63 
78 70 69 79 70 
43 17 27 17 84 
24 7 4 32 5 
80 80 59 50 94 
20 12 21 28 8 
27 62 14 70 71 
1 4 0 46 19 
28 22 78 12 6 
71 21 68 70 85 
8 93 3 58 8 
20 29 72 65 30 
29 76 21 45 14 
96 34 38 92 4 
52 27 55 75 4 
36 26 91 76 35 
64 61 53 49 4 
10 22 84 94 59 
45 25 11 24 31 
25 78 83 99 21 
24 89 84 17 87 
98 95 41 26 20 
8 76 89 86 59 
47 0 15 46 20 
99 43 78 27 8 
100 37 96 97 97 
3 57 74 86 88 
98 89 2 100 74 
46 47 63 64 100 
70 98 14 94 28 
20 41 94 71 8 
95 67 34 19 43 
57 46 52 32 35 
32 19 52 82 10 
31 5 73 7 26 
20 43 47 31 41 
7 55 88 30 40 
41 33 67 26 25 
43 23 14 78 68 
14 86 12 6 64 
68 58 54 98 9 
0 13 25 94 64 
15 86 35 45 6 
28 95 82 83 62 
29 44 17 95 2 
66 25 96 24 88 
92 19 87 6 8 
27 93 44 54 15 
94 7 30 28 64 
99 88 35 9 89 
66 49 75 25 20 
31 27 84 89 15 
22 39 74 33 2 
100 100 28 18 16 
21 43 64 64 56 
100 80 4 88 53 
3 39 99 49 56 
36 58 95 28 87 
3 39 41 79 78 
51 49 36 83 6 
86 32 84 7 54 
45 27 55 32 59 
90 43 81 13 74 
49 22 51 82 31 
17 56 6 9 2 
12 30 48 82 88 
47 89 40 66 100 
20 48 44 84 40 
58 32 62 23 9 
70 34 44 70 75 
69 21 28 85 25 
67 28 48 30 99 
98 47 77 52 44 
69 53 53 86 13 
28 16 54 14 88 
27 67 96 47 24 
57 19 9 27 32 
81 25 70 77 88 
87 26 58 80 87 
99 91 56 41 80 
3 27 44 1 63 
73 50 92 46 33 
37 14 29 43 97 
89 72 90 18 62 
34 77 68 81 9 
76 45 21 79 16 
63 0 3 76 17 
73 90 79 14 53 
30 51 41 7 49 
83 61 86 68 13 
41 77 65 55 26 
55 19 81 41 82 
23 59 1 93 70 
87 47 10 26 38 
49 20 88 99 71 
90 69 91 67 89 
10 80 77 29 46 
8 0 4 84 25 
11 79 26 70 40 
61 11 87 45 7 
82 73 78 5 39 
71 91 85 44 13 
73 68 71 29 2 
59 5 27 15 40 
77 5 87 59 97 
83 31 70 18 44 
95 61 55 28 66 
64 0 13 82 95 
90 72 71 67 1 
40 30 53 71 80 
48 90 42 33 32 
24 100 92 87 84 
93 23 38 36 49 
53 65 80 11 72 
49 47 54 50 48 
86 23 36 50 10 
29 94 38 81 60 
45 91 40 91 11 
87 27 74 30 41 
35 67 56 99 83 
39 17 92 17 15 
22 35 71 95 92 
14 80 48 34 50 
44 82 2 71 81 
31 19 27 82 83 
26 60 98 74 11 
16 18 60 91 96 
49 83 22 35 40 
43 68 100 91 20 
67 62 83 37 83 
100 14 96 39 17 
88 8 54 44 28 
68 66 24 76 58 
57 45 22 14 96 
6 58 62 20 16 
52 30 50 51 42 
82 72 42 91 36 
29 79 44 22 72 
36 96 20 46 31 
74 61 40 99 55 
85 70 80 1 98 
20 81 95 65 35 
70 30 40 98 67 
93 34 96 35 9 
61 60 0 67 90 
83 71 18 0 1 
65 43 55 98 98 
7 96 4 29 59 
58 75 36 81 28 
100 67 32 48 47 
52 42 2 14 62 
70 85 94 49 31 
67 15 33 20 6 
21 18 72 49 25 
52 50 46 56 71 
2 77 74 38 52 
8 86 78 16 90 
100 26 0 26 94 
71 93 87 12 40 
1 50 100 13 91 
67 73 26 99 25 
28 80 33 97 10 
1 36 80 4 6 
66 6 18 33 36 
29 54 13 42 56 
17 13 36 16 28 
10 19 79 93 54 
38 38 18 8 25 
81 2 24 2 42 
40 14 68 89 16 
16 1 8 24 10 
76 49 13 49 42 
80 78 21 29 12 
59 0 17 30 70 
92 65 88 21 11 
37 22 26 23 28 
26 37 43 33 39 
60 21 49 81 96 
59 87 61 51 48 
48 48 99 49 32 
38 91 46 64 61 
54 59 77 38 53 
38 42 62 20 75 
18 42 63 64 64 
65 54 80 18 43 
59 71 50 61 36 
37 0 68 65 34 
37 21 12 54 80 
77 45 49 77 90 
91 20 65 88 26 
14 48 20 66 39 
65 53 42 77 24 
37 52 19 25 18 
7 14 59 62 20 
65 42 19 64 4 
44 2 41 10 22 
46 34 18 19 21 
60 56 32 78 5 
31 19 47 39 17 
97 35 27 17 3 
98 87 6 85 90 
87 66 69 0 33 
25 71 4 74 34 
24 26 64 29 10 
95 74 46 98 96 
28 27 32 21 80 
32 17 81 29 31 
19 75 69 7 95 
26 44 83 76 84 
25 93 97 28 33 
64 36 84 46 48 
65 0 53 26 43 
83 67 61 93 35 
82 25 96 61 25 
76 51 29 86 88 
67 8 59 24 86 
33 48 43 58 86 
41 2 90 62 82 
54 6 18 41 31 
37 63 15 12 75 
41 52 16 53 14 
16 30 37 73 5 
29 56 85 58 41 
75 41 99 49 8 
58 42 15 91 97 
42 17 60 35 57 
77 79 39 45 3 
93 81 45 57 35 
95 74 79 18 38 
68 13 64 84 17 
81 4 38 43 63 
48 6 60 18 26 
61 62 55 98 8 
7 24 0 39 24 
26 13 63 19 2 
97 100 24 62 72 
5 91 24 20 89 
49 43 21 25 31 
5 20 17 95 60 
46 80 76 9 86 
83 88 59 94 14 
60 43 75 30 83 
39 92 2 99 98 
55 65 66 93 66 
61 27 50 25 63 
4 25 30 56 20 
87 38 26 40 10 
31 42 91 56 93 
73 14 63 0 14 
28 100 80 44 52 
73 41 69 79 36 
84 81 97 66 50 
74 88 17 41 26 
56 58 66 20 10 
12 40 51 28 11 
10 31 57 77 100 
89 38 49 75 20 
97 19 98 80 14 
100 73 29 99 98 
47 47 31 42 85 
4 9 52 29 13 
32 30 42 12 8 
22 45 38 80 65 
31 77 7 70 25 
47 57 82 47 21 
11 30 52 95 81 
81 27 75 82 74 
22 34 76 85 83 
95 44 88 6 48 
0 70 12 3 16 
71 29 98 96 1 
25 52 57 26 27 
39 41 73 100 24 
99 90 81 66 4 
89 27 33 82 6 
64 64 53 81 99 
79 76 18 40 14 
23 42 59 70 88 
16 88 36 62 77 
15 6 94 24 95 
33 5 36 22 27 
77 12 67 47 99 
62 52 61 86 68 
38 15 5 21 19 
84 59 9 17 63 
20 19 27 65 47 
31 44 95 78 83 
80 36 31 55 81 
94 14 82 69 37 
49 0 60 3 32 
92 30 33 20 48 
37 79 62 31 79 
45 17 6 22 24 
90 34 49 53 51 
8 61 69 72 20 
29 69 5 98 55 
34 49 12 23 33 
78 59 5 11 58 
21 38 42 22 74 
82 87 34 77 74 
43 77 94 89 19 
42 18 4 37 85 
68 79 57 43 64 
82 32 62 38 72 
70 93 93 67 20 
74 16 34 18 63 
0 18 62 96 57 
35 16 8 50 75 
66 77 22 99 49 
98 77 11 5 18 
25 86 88 18 38 
38 67 71 84 47 
21 22 74 89 68 
44 58 100 56 7 
74 30 86 6 41 
86 9 81 59 13 
93 74 89 25 36 
15 45 29 95 19 
41 95 36 42 1 
8 22 49 14 14 
72 19 35 70 70 
45 74 11 6 86 
69 97 21 11 66 
58 42 32 78 100 
9 15 12 3 28 
66 39 56 33 41 
72 95 9 47 31 
53 11 13 73 63 
46 18 100 35 50 
97 37 67 26 87 
95 17 19 90 34 
77 88 20 16 74 
24 85 76 46 96 
21 93 41 34 22 
15 42 59 97 79 
10 40 7 71 48 
78 66 44 14 80 
89 69 3 73 71 
17 99 54 7 41 
30 39 88 75 99 
79 30 95 54 0 
22 85 59 59 46 
31 88 68 82 13 
33 46 96 81 90 
93 54 0 35 37 
55 42 40 71 26 
49 72 76 43 47 
47 95 66 73 65 
74 33 12 57 90 
5 77 67 93 71 
50 53 55 62 75 
49 96 49 78 56 
49 64 99 86 15 
57 92 100 59 67 
49 94 56 64 51 
14 7 43 62 17 
27 4 79 18 62 
82 42 4 6 32 
50 14 0 8 66 
90 91 18 62 77 
23 21 40 91 80 
98 68 21 80 60 
4 94 59 8 76 
6 85 44 70 73 
28 51 87 71 44 
50 75 83 41 17 
50 73 100 20 80 
39 10 68 100 68 
31 45 13 29 12 
85 15 14 73 74 
42 47 45 55 59 
81 67 35 40 89 
53 38 61 27 78 
54 92 44 26 72 
23 44 99 60 66 
35 5 55 88 38 
3 41 11 14 75 
30 80 12 27 22 
55 53 72 68 69 
83 20 97 68 18 
99 39 45 87 28 
88 30 7 56 15 
41 20 79 68 33 
74 98 53 4 84 
75 68 19 72 3 
71 51 7 23 91 
17 70 13 63 99 
48 6 71 22 29 
86 69 6 32 79 
59 44 84 94 60 
61 37 71 81 10 
22 28 74 67 3 
42 35 14 73 92 
54 3 94 27 46 
38 12 62 52 45 
32 56 20 27 62 
91 22 89 6 61 
29 43 47 15 95 
18 58 35 10 84 
67 67 43 66 92 
39 37 67 2 14 
4 16 7 98 67 
91 26 63 2 100 
38 12 75 35 96 
95 96 96 89 64 
82 84 26 23 51 
0 69 31 63 89 
84 73 73 79 91 
15 83 2 10 0 
79 4 38 31 38 
29 29 28 76 85 
86 81 54 23 22 
88 33 72 55 58 
54 75 62 59 21 
50 17 36 23 53 
51 84 53 43 71 
79 62 59 57 21 
97 32 54 7 74 
32 35 50 93 25 
49 13 70 21 81 
7 34 73 94 21 
12 70 54 52 74 
55 3 10 4 5 
12 29 6 22 89 
90 56 3 93 44 
92 77 41 0 22 
27 20 90 29 93 
25 71 100 40 2 
92 6 5 16 7 
49 30 10 51 93 
29 10 13 72 96 
50 6 73 29 47 
19 7 73 42 48 
71 81 81 97 46 
63 33 93 82 76 
50 60 4 32 57 
46 42 52 75 30 
87 14 9 36 82 
13 29 37 93 42 
86 60 74 65 84 
79 99 53 48 45 
2 46 0 11 36 
10 39 32 93 5 
76 17 11 60 86 
19 55 44 8 34 
11 41 72 15 40 
89 62 4 56 37 
84 89 96 25 57 
16 91 49 69 7 
71 60 41 34 95 
66 85 90 77 10 
21 95 10 69 72 
98 79 7 55 3 
2 59 17 66 3 
78 91 55 86 63 
92 52 54 58 57 
5 41 60 6 9 
78 53 4 4 64 
18 22 49 76 49 
8 100 78 27 61 
77 91 40 61 29 
51 17 51 11 63 
55 82 53 95 3 
5 5 82 2 98 
44 71 70 41 0 
78 40 81 99 2 
0 35 11 38 4 
55 39 42 1 8 
17 56 19 30 53 
55 96 100 90 59 
14 12 60 100 89 
40 55 21 93 88 
72 70 31 27 22 
61 80 97 37 84 
65 54 32 95 35 
7 77 91 38 28 
8 27 60 61 23 
30 83 9 52 94 
62 92 18 82 2 
90 18 24 40 75 
13 25 79 81 68 
44 86 91 61 98 
45 0 52 96 53 
14 90 15 58 20 
31 69 29 26 62 
25 96 53 29 81 
22 99 86 75 65 
50 51 91 96 13 
71 97 3 85 86 
63 62 47 93 86 
38 25 49 28 34 
72 17 100 66 89 
29 90 31 20 50 
22 66 4 56 40 
32 69 49 65 9 
51 8 92 73 89 
78 31 98 23 38 
30 31 78 59 16 
19 58 10 43 85 
5 72 67 44 78 
0 29 35 53 67 
61 66 30 76 75 
80 45 88 23 60 
73 19 36 0 97 
96 69 99 35 38 
97 3 69 41 96 
13 28 66 1 13 
18 17 59 9 18 
94 100 53 62 74 
1 71 32 75 71 
66 83 61 65 37 
42 11 23 91 50 
86 4 7 8 19 
78 19 77 18 55 
71 8 23 56 4 
48 26 65 80 89 
61 77 36 6 16 
95 3 82 89 73 
5 80 58 2 37 
36 4 95 91 56 
28 61 1 2 20 
24 42 24 3 91 
4 63 91 3 7 
96 45 0 2 37 
88 72 9 57 22 
83 8 23 38 70 
77 84 71 70 16 
63 96 92 50 59 
46 85 80 57 13 
3 27 78 69 57 
90 73 74 38 4 
43 37 50 45 76 
57 78 30 91 96 
31 65 23 67 19 
21 89 16 8 4 
54 37 19 63 43 
21 3 7 44 100 
6 23 87 86 35 
94 8 98 74 72 
79 77 32 62 95 
52 76 8 100 4 
48 31 72 17 75 
92 50 17 5 71 
75 36 76 94 63 
64 37 8 30 88 
73 38 97 26 5 
42 26 60 89 35 
47 37 18 43 10 
22 6 65 92 9 
43 51 83 1 20 
90 50 2 71 48 
43 14 24 91 5 
24 78 4 2 59 
50 95 30 98 43 
75 3 57 1 29 
42 62 21 0 77 
13 35 55 28 60 
73 65 61 68 81 
81 71 76 32 11 
89 20 72 23 10 
16 75 38 25 86 
68 21 69 21 58 
65 21 40 89 90 
50 32 8 90 1 
85 32 99 70 68 
34 46 74 62 9 
100 75 84 34 82 
15 74 74 3 52 
12 53 81 88 5 
14 78 55 68 55 
0 96 61 25 78 
43 9 5 29 41 
17 100 88 85 80 
55 4 4 46 91 
6 29 31 62 63 
25 84 62 36 55 
57 58 56 78 39 
88 81 71 50 49 
85 65 98 82 81 
90 0 96 37 20 
7 71 10 98 55 
24 77 8 93 62 
33 65 11 48 8 
38 8 5 25 9 
38 26 17 76 87 
43 97 26 77 43 
48 42 89 67 30 
56 39 93 78 5 
23 58 68 12 81 
52 98 86 62 46 
1 71 70 36 23 
7 56 74 43 0 
65 50 11 70 55 
25 72 19 68 41 
46 50 87 18 68 
28 29 95 60 72 
5 46 55 57 70 
34 33 21 83 88 
10 24 89 28 10 
100 31 95 22 59 
33 63 8 26 25 
26 29 1 43 43 
9 65 83 10 47 
98 28 44 72 13 
60 59 89 21 56 
27 45 34 44 17 
72 93 82 73 42 
99 69 90 7 81 
47 60 52 1 93 
3 8 25 60 75 
98 58 55 6 52 
6 9 52 39 57 
14 67 35 66 12 
11 46 56 38 86 
70 71 91 63 41 
43 41 81 26 74 
20 44 63 13 11 
42 65 20 48 36 
54 19 73 81 87 
14 18 34 67 22 
84 16 100 81 48 
42 67 55 77 45 
15 90 30 42 10 
29 60 27 26 50 
65 35 7 77 0 
84 56 88 51 8 
45 60 30 87 36 
32 62 66 43 14 
55 46 81 82 93 
84 20 20 34 10 
42 54 22 20 90 
54 24 38 58 48 
66 40 99 8 65 
49 58 6 69 5 
44 36 88 26 18 
14 79 40 51 55 
30 34 14 37 61 
31 78 53 74 21 
95 7 62 91 39 
49 33 47 77 43 
62 26 66 82 34 
19 75 43 98 77 
21 66 31 0 43 
4 93 33 56 74 
96 35 50 90 89 
50 69 24 28 27 
86 28 82 93 55 
85 43 15 5 62 
70 4 75 37 81 
46 17 90 66 16 
76 91 10 95 67 
34 64 17 84 88 
30 16 37 74 71 
54 48 53 82 45 
38 42 67 72 89 
62 69 55 52 29 
99 16 49 63 15 
96 60 14 88 33 
58 13 39 58 52 
25 79 69 6 49 
17 26 15 83 15 
40 47 40 45 58 
62 47 87 77 9 
84 37 81 97 42 
69 37 13 44 98 
70 54 70 51 81 
96 43 8 24 36 
86 67 40 11 39 
49 23 47 96 99 
81 85 71 35 97 
7 7 13 94 52 
29 11 80 49 12 
31 32 15 57 74 
67 25 66 24 28 
81 64 36 76 50 
30 93 100 5 35 
29 36 1 38 51 
52 83 39 16 2 
43 100 27 3 2 
90 76 59 10 72 
30 29 44 54 96 
78 99 19 87 13 
14 12 28 73 34 
100 24 14 76 73 
68 0 57 24 32 
91 30 24 39 97 
88 94 95 83 41 
75 89 94 63 21 
90 28 13 87 72 
97 45 66 10 11 
25 73 21 86 84 
23 61 11 76 66 
34 48 69 65 22 
53 33 38 11 82 
99 23 22 65 42 
51 60 16 61 74 
72 86 29 10 23 
3 69 18 54 43 
82 24 35 94 78 
9 60 30 86 28 
16 31 4 100 2 
82 75 96 83 60 
3 18 79 18 97 
78 80 60 34 7 
77 0 98 65 3 
83 98 93 18 16 
45 60 63 51 5 
9 0 37 20 0 
46 35 28 8 56 
46 23 18 56 51 
10 74 31 11 6 
59 77 2 37 10 
6 86 92 90 9 
27 42 89 25 15 
82 59 46 63 28 
40 68 77 87 54 
95 9 31 0 91 
59 29 2 79 30 
62 75 86 78 12 
50 8 50 67 58 
23 25 8 11 38 
90 56 41 87 44 
58 75 10 72 71 
62 95 23 34 70 
40 46 52 13 12 
74 59 2 68 43 
92 82 40 47 75 
80 81 62 63 82 
96 91 96 77 21 
19 34 71 31 41 
11 73 79 24 47 
98 54 41 46 8 
59 50 97 28 85 
29 1 9 66 32 
86 49 62 47 56 
68 79 26 21 17 
34 59 58 3 41 
83 8 71 18 55 
67 45 40 32 21 
92 53 33 47 97 
71 90 61 74 18 
53 12 47 7 16 
78 19 100 64 4 
92 54 33 17 79 
35 77 93 81 30 
58 30 100 45 2 
60 46 38 68 38 
72 93 17 5 51 
63 57 65 98 22 
58 63 45 57 78 
95 70 60 65 58 
5 82 42 91 7 
76 93 83 70 36 
48 96 79 69 77 
94 98 19 54 66 
73 36 96 35 54 
24 34 2 5 17 
77 18 63 75 47 
83 17 41 31 36 
48 71 4 54 28 
22 80 29 83 98 
13 71 82 97 30 
30 100 2 89 5 
51 23 8 67 61 
83 25 69 0 15 
68 89 96 60 71 
76 28 43 0 58 
27 5 91 35 20 
88 68 78 31 85 
97 81 84 8 12 
100 2 67 79 58 
18 45 24 46 8 
72 1 9 16 14 
83 73 59 27 91 
30 41 27 29 45 
92 98 38 62 43 
84 23 94 55 46 
43 71 4 98 90 
92 20 17 14 32 
73 76 38 32 71 
78 37 42 43 49 
19 60 4 97 9 
67 12 86 31 60 
96 58 71 57 5 
82 25 72 100 14 
14 34 53 58 50 
58 37 88 84 70 
98 65 65 59 85 
28 28 73 44 86 
10 60 67 16 93 
65 1 28 58 99 
39 37 57 75 100 
19 27 93 70 24 
7 82 32 68 97 
86 60 70 29 98 
97 71 3 33 34 
8 86 72 1 80 
44 87 26 7 44 
59 37 30 44 73 
15 81 89 93 78 
22 80 30 4 87 
81 0 85 5 9 
67 26 8 34 11 
13 19 93 35 69 
94 12 76 71 53 
37 38 58 28 55 
99 68 27 96 7 
77 21 0 43 80 
39 21 86 26 40 
53 74 65 8 9 
87 16 23 59 71 
31 62 78 97 49 
41 11 55 5 95 
93 66 57 73 97 
99 15 43 79 48 
68 43 7 78 23 
34 46 9 36 71 
58 3 5 28 6 
60 34 66 39 87 
40 30 48 17 29 
47 81 70 82 57 
56 6 6 0 66 
98 76 96 32 31 
6 13 46 45 87 
76 66 18 94 26 
94 18 93 8 48 
96 80 93 56 100 
12 17 43 3 35 
2 30 23 65 42 
84 48 13 31 50 
29 23 23 93 12 
33 62 68 2 74 
72 64 69 55 65 
59 62 73 57 55 
63 27 70 8 13 
37 79 12 15 81 
7 31 68 68 58 
80 16 94 60 26 
94 20 44 66 55 
67 19 45 43 71 
73 63 100 94 53 
43 29 51 93 58 
57 26 15 68 19 
99 92 89 29 97 
64 14 28 72 43 
63 9 24 15 3 
42 31 4 32 32 
24 92 34 57 27 
62 44 57 90 1 
59 57 27 74 66 
22 57 54 66 87 
14 87 77 18 13 
72 58 61 21 86 
30 48 44 18 63 
42 87 67 48 65 
49 43 67 36 37 
66 67 22 58 26 
18 21 47 84 54 
79 90 84 93 40 
41 75 93 37 5 
35 69 100 51 38 
73 93 3 81 41 
12 27 67 63 16 
30 33 2 9 42 
15 56 49 56 21 
82 51 17 99 94 
71 7 35 29 44 
71 59 49 76 5 
54 82 57 84 44 
50 70 73 8 52 
75 58 97 69 38 
53 56 94 62 9 
79 51 67 62 58 
21 76 42 67 63 
98 73 97 78 98 
66 2 5 85 79 
54 34 67 28 14 
48 48 45 91 40 
88 76 46 34 24 
84 2 60 37 7 
51 83 19 14 54 
69 100 32 16 66 
26 63 66 67 35 
74 20 62 72 21 
3 40 8 34 59 
11 32 46 28 63 
100 91 42 89 9 
23 66 38 8 3 
25 90 8 91 97 
68 71 98 64 60 
81 18 5 45 24 
5 57 66 74 83 
25 39 46 9 36 
46 1 13 85 63 
17 70 67 51 25 
82 46 36 51 39 
60 63 96 55 23 
0 87 80 14 31 
23 94 46 0 19 
91 67 73 46 50 
54 10 67 52 100 
49 75 76 60 30 
25 63 92 48 62 
71 75 8 23 81 
21 72 77 16 2 
39 75 68 96 15 
4 64 20 8 53 
2 41 65 22 66 
59 100 68 81 39 
27 39 46 34 66 
27 74 46 59 50 
12 94 6 94 43 
93 89 44 80 77 
19 57 17 12 22 
7 80 38 40 56 
61 92 18 42 96 
83 44 95 55 25 
10 67 94 25 1 
3 53 80 89 23 
46 89 52 59 62 
37 99 64 55 9 
86 79 88 20 30 
61 69 88 33 49 
36 93 22 58 37 
2 45 13 16 78 
14 79 5 42 8 
55 51 30 58 50 
24 31 26 98 3 
78 72 50 87 80 
16 14 45 47 6 
31 14 50 31 35 
99 58 87 41 79 
8 37 9 55 32 
12 37 27 9 90 
87 98 85 80 1 
60 46 7 84 8 
57 56 1 21 67 
88 49 23 3 68 
88 69 80 91 46 
17 52 36 24 85 
63 50 33 72 0 
15 24 38 64 28 
79 60 28 77 62 
44 68 35 95 30 
35 63 64 100 20 
56 14 69 80 56 
44 39 47 85 27 
45 94 9 23 93 
16 88 51 99 92 
43 84 54 17 41 
37 46 43 71 32 
48 86 67 64 12 
87 50 21 85 90 
52 97 79 73 4 
36 32 87 1 6 
74 2 0 45 97 
36 64 86 27 39 
94 77 70 44 7 
59 9 12 86 28 
23 49 10 15 9 
72 15 65 60 62 
18 38 47 85 19 
1 46 93 22 90 
29 77 55 18 87 
45 49 36 11 78 
81 17 10 46 25 
26 61 46 92 49 
30 76 94 8 83 
100 39 15 23 45 
69 88 70 17 20 
72 71 6 70 42 
52 28 97 78 80 
4 96 31 83 79 
86 76 21 78 13 
51 17 90 12 57 
75 81 49 0 10 
63 41 52 18 97 
37 39 56 92 77 
46 30 93 23 0 
74 34 31 67 16 
95 71 1 75 10 
17 16 81 7 12 
49 38 97 64 90 
18 83 56 48 60 
61 46 50 27 82 
92 78 46 43 75 
94 84 82 5 78 
96 96 57 61 50 
62 96 83 90 55 
4 28 28 83 44 
58 63 13 75 42 
88 93 40 2 11 
30 88 7 82 29 
48 41 32 64 49 
39 35 59 32 7 
57 69 34 80 98 
58 0 30 64 7 
72 21 23 15 59 
46 44 79 56 38 
50 84 63 82 100 
11 36 47 61 26 
12 86 49 53 52 
62 10 43 71 26 
75 23 68 37 37 
18 72 79 75 63 
47 76 66 85 34 
2 100 50 17 72 
42 54 48 7 62 
75 95 70 22 50 
48 77 70 57 100 
60 0 86 6 97 
47 13 41 92 28 
88 20 6 60 25 
86 82 62 66 26 
65 33 53 86 94 
92 6 29 28 67 
96 82 10 22 92 
24 99 54 11 31 
35 74 92 87 24 
14 55 81 92 10 
86 99 76 78 5 
43 67 33 43 45 
39 9 51 55 44 
1 26 94 9 0 
6 48 3 77 2 
89 1 52 92 77 
54 87 57 90 14 
79 57 57 96 65 
37 19 27 34 6 
75 7 66 70 26 
54 52 60 38 43 
33 12 28 40 66 
57 20 55 40 67 
1 71 39 44 13 
98 33 56 35 93 
90 80 8 28 17 
5 28 41 86 27 
0 24 90 90 58 
11 5 97 13 31 
45 93 87 47 45 
15 97 63 15 96 
10 79 41 1 62 
37 100 76 96 25 
15 45 19 65 4 
33 61 2 36 97 
40 41 9 30 98 
17 59 26 46 69 
61 29 54 0 98 
84 53 46 33 70 
27 30 94 49 60 
61 84 2 84 100 
83 8 53 91 26 
63 68 56 99 89 
27 100 79 47 34 
44 84 32 59 57 
90 81 60 5 48 
83 87 59 14 3 
63 30 69 53 32 
93 6 34 47 63 
85 93 17 63 90 
26 56 96 83 52 
48 9 96 89 87 
91 48 99 93 96 
64 58 70 53 81 
46 57 11 72 91 
62 53 54 56 78 
58 96 7 28 67 
37 99 35 78 25 
50 82 7 39 77 
93 32 24 65 79 
21 4 69 45 88 
8 25 46 100 87 
34 26 75 90 30 
78 29 90 39 29 
40 91 51 79 47 
96 79 74 90 79 
96 13 34 53 87 
84 26 85 78 20 
32 79 92 59 54 
46 85 67 66 43 
23 95 55 72 41 
2 90 92 88 35 
57 5 68 32 5 
73 76 16 83 60 
3 56 19 99 78 
91 44 33 60 76 
32 56 66 68 61 
53 70 55 12 61 
72 57 27 92 46 
6 75 38 51 81 
46 62 48 71 63 
89 77 14 70 72 
8 32 84 62 79 
7 0 74 90 13 
23 97 65 35 28 
18 54 79 82 26 
5 60 43 24 17 
74 47 90 28 67 
20 2 13 26 58 
82 42 0 96 37 
46 89 69 91 38 
75 25 3 6 61 
95 58 4 18 61 
93 4 20 25 63 
25 95 35 64 75 
69 95 5 1 90 
58 98 98 70 99 
11 78 79 74 46 
75 43 24 39 91 
46 39 3 65 16 
97 52 13 30 89 
58 96 31 49 16 
44 43 97 64 50 
63 30 67 4 36 
10 67 36 21 23 
53 35 45 81 31 
57 99 88 47 77 
89 90 53 69 88 
86 80 22 98 51 
19 100 65 41 72 
65 31 31 37 71 
25 88 8 31 90 
79 75 39 10 38 
97 24 67 41 96 
47 37 45 92 70 
74 55 89 58 63 
77 22 30 60 0 
97 90 89 26 17 
97 76 51 68 20 
98 44 21 46 61 
93 29 29 35 76 
36 4 5 80 17 
40 94 42 93 53 
91 87 32 93 49 
33 63 90 72 18 
25 52 87 30 73 
44 7 18 18 30 
88 90 71 9 23 
27 46 7 84 68 
39 98 13 80 43 
41 65 45 62 34 
14 83 56 5 61 
64 89 14 99 39 
21 99 34 64 39 
94 68 53 80 11 
64 28 52 79 78 
33 22 25 57 71 
58 23 53 94 34 
96 29 41 49 65 
52 70 65 42 18 
35 28 3 25 90 
77 77 42 39 62 
68 13 8 10 72 
49 88 38 44 75 
66 28 72 26 71 
41 99 11 2 80 
73 74 56 85 10 
3 75 17 15 2 
46 20 14 22 42 
3 77 87 76 8 
96 69 91 87 69 
10 31 61 27 76 
23 53 90 84 57 
70 98 39 11 16 
90 91 93 61 65 
28 26 3 71 32 
40 30 14 49 67 
96 42 33 46 68 
91 29 66 75 24 
21 62 48 86 81 
8 16 74 28 21 
20 8 59 10 24 
88 83 45 24 62 
68 44 63 63 60 
81 20 66 21 86 
6 69 64 19 40 
78 2 11 64 93 
1 78 38 95 77 
82 84 20 82 68 
14 69 21 18 92 
62 34 27 49 96 
74 1 56 4 80 
92 70 42 4 57 
1 0 70 90 67 
76 59 64 12 8 
22 99 81 88 88 
10 63 47 49 80 
31 7 19 40 0 
43 72 98 33 31 
86 60 95 41 70 
41 18 95 67 72 
45 95 88 56 20 
24 26 88 26 99 
0 27 0 7 19 
48 8 100 59 84 
70 22 100 86 61 
76 88 75 51 66 
58 55 85 25 52 
45 29 27 42 55 
94 100 18 22 50 
13 57 36 16 95 
84 55 36 14 83 
77 66 38 13 18 
93 70 76 0 58 
91 49 12 66 49 
78 8 32 68 39 
83 88 40 89 22 
68 5 4 16 88 
35 12 83 2 55 
68 83 74 38 86 
99 55 43 50 3 
45 1 1 35 13 
78 30 99 24 55 
23 2 15 0 58 
11 55 46 94 30 
54 97 82 68 40 
58 69 7 18 82 
13 36 38 75 37 
3 20 23 79 18 
71 77 54 20 62 
51 40 30 55 81 
28 84 73 63 73 
83 27 98 17 45 
41 49 61 28 22 
97 37 72 87 28 
36 47 68 80 1 
0 34 88 28 31 
21 95 13 99 59 
18 50 83 53 50 
65 54 41 7 47 
80 43 66 19 49 
68 80 71 15 30 
32 39 58 97 88 
56 89 0 68 48 
21 37 56 28 7 
70 2 98 24 71 
6 20 94 94 3 
74 78 13 64 42 
57 14 14 26 1 
35 75 95 45 99 
21 12 36 12 59 
12 9 56 98 74 
24 64 42 30 85 
80 56 15 25 41 
4 100 87 22 44 
75 74 88 89 18 
90 11 41 100 17 
27 14 99 98 36 
2 33 72 47 86 
17 40 10 7 72 
63 60 7 42 22 
46 7 38 11 12 
60 92 50 61 96 
71 33 15 66 87 
39 50 35 72 78 
15 83 72 59 53 
54 96 9 16 0 
59 38 16 73 24 
86 39 63 73 54 
72 65 73 73 22 
50 23 87 40 25 
68 75 100 52 30 
100 47 29 10 95 
81 83 100 34 99 
87 70 15 14 47 
20 89 71 80 61 
89 88 6 79 32 
5 15 68 0 78 
2 19 89 63 92 
8 11 61 90 35 
69 70 67 20 87 
81 39 43 22 0 
83 63 55 99 31 
52 0 61 52 33 
70 43 46 16 25 
0 24 51 40 43 
70 53 73 83 56 
6 4 34 79 27 
13 3 42 18 37 
41 27 7 69 68 
85 37 51 22 41 
29 96 60 35 25 
33 52 20 77 29 
20 75 27 96 49 
56 63 58 95 61 
4 6 21 27 26 
87 57 53 4 87 
94 62 86 81 0 
58 31 100 91 82 
77 98 92 86 38 
78 34 17 100 55 
22 57 1 45 54 
40 23 62 62 25 
91 70 100 73 47 
65 40 61 37 86 
100 13 14 32 11 
46 76 50 26 56 
68 59 74 86 81 
96 92 5 7 15 
76 79 58 75 23 
41 9 31 100 85 
52 5 43 7 55 
77 94 24 49 72 
53 58 86 9 14 
24 60 35 24 36 
88 94 92 41 59 
19 70 38 73 48 
12 91 71 46 36 
15 55 14 25 41 
32 24 7 79 34 
46 78 79 95 22 
64 79 67 33 62 
99 81 50 49 92 
40 39 72 69 97 
60 2 5 4 13 
37 56 72 25 93 
65 28 78 73 76 
53 63 73 95 50 
65 68 72 82 25 
83 66 7 88 17 
100 18 37 73 64 
12 45 19 97 83 
99 76 9 86 60 
38 27 72 54 37 
25 80 66 64 7 
92 19 29 41 48 
59 14 66 23 27 
90 9 21 46 78 
72 4 90 6 21 
18 99 42 67 15 
73 68 95 42 26 
94 20 6 6 98 
98 52 5 75 99 
51 48 43 47 8 
15 17 72 36 48 
68 100 25 20 40 
54 17 33 67 5 
74 5 40 63 92 
99 4 9 43 7 
56 41 70 20 48 
89 10 64 63 55 
11 48 41 46 56 
60 73 72 21 9 
75 61 1 21 94 
12 84 44 65 7 
96 74 57 74 60 
46 57 90 58 86 
79 4 80 10 69 
22 6 26 58 88 
99 41 53 83 56 
19 12 71 88 39 
68 70 84 53 51 
48 84 62 0 22 
69 61 5 98 2 
50 92 81 76 12 
95 47 48 62 48 
38 59 45 14 66 
34 58 44 33 6 
13 41 37 72 8 
47 48 68 45 26 
67 66 60 27 30 
88 83 32 8 78 
9 50 86 66 13 
7 3 22 12 1 
84 92 1 74 53 
13 50 89 78 70 
72 97 84 41 24 
18 86 79 45 73 
68 68 87 21 40 
51 55 25 4 23 
17 87 51 76 10 
11 20 79 58 68 
35 23 22 18 41 
96 77 58 52 80 
90 82 47 80 15 
1 23 9 56 5 
40 17 69 68 82 
68 61 75 55 51 
21 36 35 40 90 
63 61 38 32 61 
3 55 9 36 90 
18 72 37 56 53 
75 85 91 70 98 
7 12 58 30 31 
88 96 27 9 52 
63 38 35 86 77 
93 67 96 29 66 
60 23 97 49 30 
9 28 39 62 65 
14 82 48 26 36 
52 74 29 91 63 
100 63 98 4 82 
100 1 45 22 97 
61 36 93 44 13 
62 29 10 15 77 
5 49 41 80 0 
80 87 1 42 73 
83 40 25 80 27 
79 80 95 85 32 
83 21 2 10 74 
26 66 32 68 80 
71 44 14 14 78 
100 36 3 96 84 
79 20 33 7 29 
40 96 10 79 61 
98 25 98 3 19 
35 15 28 47 2 
98 95 12 40 32 
98 10 71 39 47 
87 89 52 28 98 
74 48 62 67 20 
75 85 39 83 97 
51 1 85 76 77 
34 66 24 36 21 
5 76 61 6 40 
27 63 27 18 20 
4 18 13 40 35 
38 42 90 60 33 
44 91 89 42 36 
26 78 19 93 75 
76 81 23 48 3 
33 66 2 47 35 
34 1 99 32 95 
45 24 11 79 35 
36 73 12 38 0 
81 32 85 18 30 
60 1 0 99 49 
83 96 9 54 14 
45 75 67 83 25 
48 45 40 26 65 
35 38 0 63 65 
54 48 7 92 98 
44 38 23 4 44 
52 6 42 29 40 
13 21 62 1 3 
54 37 27 48 94 
68 9 45 28 65 
50 6 0 21 43 
72 99 4 99 73 
8 87 88 79 91 
35 28 68 35 3 
18 46 8 58 3 
59 86 83 50 95 
4 9 20 58 78 
88 72 32 37 5 
48 93 75 68 65 
5 96 13 86 54 
33 22 75 68 96 
33 4 45 3 61 
35 46 70 52 1 
6 66 43 11 2 
79 34 80 57 90 
74 36 8 37 86 
40 34 40 77 58 
55 37 47 1 34 
43 39 77 1 71 
35 90 29 13 5 
70 67 31 15 55 
34 30 95 3 56 
100 1 0 4 8 
69 11 7 44 96 
3 19 7 3 7 
4 26 26 94 13 
29 18 18 87 79 
29 64 26 55 64 
43 85 79 3 31 
11 68 17 15 24 
100 12 21 12 11 
53 64 0 13 5 
47 64 21 62 59 
71 89 50 62 16 
47 34 52 3 77 
91 82 92 87 75 
100 49 87 56 3 
94 16 78 87 48 
12 57 11 37 61 
76 88 21 61 20 
33 34 94 92 58 
33 8 40 67 6 
11 9 38 52 49 
9 11 30 56 14 
6 18 60 24 48 
67 85 43 16 8 
82 64 17 4 37 
35 38 98 32 71 
17 77 39 36 53 
2 86 82 89 44 
64 72 92 11 52 
72 67 37 23 10 
22 73 66 29 35 
39 71 58 63 46 
82 9 45 92 65 
16 59 12 59 3 
22 88 33 36 10 
70 44 62 67 9 
19 68 99 11 75 
91 23 21 66 66 
60 41 34 81 17 
0 3 14 61 65 
84 46 94 51 3 
9 38 65 4 8 
88 52 76 8 76 
36 26 44 97 50 
31 99 79 3 80 
61 30 18 79 10 
24 59 82 93 99 
61 52 98 26 23 
92 67 91 98 7 
75 41 30 54 27 
29 90 0 58 88 
69 71 81 45 23 
8 19 35 47 87 
17 45 35 24 50 
90 88 35 14 97 
99 23 66 6 77 
82 86 77 68 86 
59 32 86 72 67 
8 58 35 69 56 
54 35 54 23 96 
13 22 17 83 81 
67 51 16 67 28 
42 41 15 6 51 
78 49 95 62 85 
82 98 22 72 36 
67 67 76 80 27 
35 76 81 60 62 
64 18 96 69 73 
94 11 69 92 51 
41 45 60 77 30 
29 30 82 63 58 
4 84 6 55 7 
28 30 11 69 38 
34 66 71 38 66 
47 70 21 68 95 
8 44 26 67 4 
80 65 67 82 56 
91 68 20 14 56 
10 73 39 40 92 
49 19 41 19 15 
62 55 25 47 36 
97 66 44 76 77 
50 25 16 57 68 
29 35 20 64 88 
5 87 0 96 36 
100 88 37 26 46 
3 5 54 34 97 
31 2 56 42 63 
4 77 51 84 14 
24 0 60 62 86 
36 97 24 45 56 
69 50 90 49 79 
81 17 90 69 38 
87 97 3 23 51 
19 89 30 35 28 
32 49 32 39 51 
54 89 47 100 64 
52 95 58 10 3 
69 23 0 3 55 
99 41 77 56 63 
79 34 30 58 26 
99 37 4 7 33 
20 58 60 100 13 
61 96 88 72 84 
20 28 34 99 54 
79 67 3 15 94 
49 59 46 71 65 
77 55 82 29 25 
83 99 42 99 55 
27 94 14 85 51 
2 83 26 63 34 
25 47 65 97 64 
48 65 88 34 24 
19 4 23 62 81 
41 9 36 46 80 
90 61 59 55 53 
65 59 93 48 91 
44 39 75 6 17 
37 3 51 27 12 
9 91 41 23 18 
69 60 21 25 64 
94 83 31 71 40 
82 83 73 14 38 
55 78 33 89 80 
0 7 10 72 29 
1 3 9 19 98 
99 68 97 65 0 
46 100 9 7 80 
68 67 36 78 4 
54 28 81 68 3 
92 40 15 66 5 
91 70 90 96 27 
6 13 42 20 69 
79 66 22 1 17 
43 6 61 45 96 
75 56 61 11 62 
98 80 70 30 92 
57 71 81 91 60 
22 59 26 88 69 
66 38 41 29 69 
76 92 42 98 5 
62 8 76 52 35 
71 13 6 39 26 
18 91 4 90 35 
28 75 42 38 6 
4 87 37 31 39 
31 95 97 6 88 
96 60 32 2 43 
51 20 81 0 37 
0 35 53 99 35 
62 15 89 99 85 
45 84 28 95 83 
16 63 21 99 18 
84 57 69 64 93 
62 6 80 9 76 
9 58 3 26 87 
8 80 8 86 65 
43 5 28 99 23 
49 77 39 49 77 
30 46 60 43 89 
38 74 99 59 72 
99 24 90 71 73 
11 50 22 12 0 
80 69 33 26 40 
6 27 87 94 84 
50 33 3 7 8 
4 51 69 52 93 
56 83 84 88 56 
63 41 71 68 93 
71 22 0 68 30 
84 24 9 99 6 
36 24 53 75 52 
8 59 72 11 18 
7 93 16 36 24 
30 83 52 83 13 
55 84 22 83 53 
90 67 86 5 79 
24 82 6 38 13 
16 18 39 1 0 
37 79 90 32 83 
19 66 64 15 85 
6 44 51 64 67 
50 14 75 54 75 
55 76 82 93 35 
72 14 70 5 36 
16 59 11 15 16 
41 44 28 17 92 
56 54 21 66 55 
70 34 70 84 54 
29 41 69 3 95 
23 53 18 30 72 
41 48 88 97 30 
50 87 34 72 40 
74 50 76 9 29 
37 91 89 4 7 
54 86 52 22 2 
39 46 32 16 99 
35 59 56 74 56 
66 59 64 82 51 
37 39 50 38 5 
73 16 42 86 60 
71 59 53 75 66 
46 80 32 23 44 
40 23 98 93 62 
34 55 9 66 40 
48 88 39 18 48 
1 0 55 34 20 
90 43 74 58 55 
39 82 33 84 35 
0 70 98 60 67 
76 61 89 78 77 
0 78 73 66 23 
8 87 64 63 39 
3 8 45 53 57 
54 62 43 49 64 
79 69 71 15 44 
93 4 51 36 74 
17 92 59 19 10 
32 13 33 18 53 
20 8 40 86 45 
39 54 74 32 80 
39 97 51 48 17 
74 79 18 9 46 
74 67 73 98 5 
36 98 4 40 41 
11 56 70 6 25 
83 13 58 14 51 
94 73 38 49 3 
53 23 1 73 24 
49 70 42 67 77 
15 77 90 36 12 
12 15 24 28 54 
32 68 61 59 64 
34 6 77 31 83 
20 64 14 92 88 
66 69 73 87 53 
20 89 12 22 54 
13 11 74 65 31 
95 100 47 57 90 
91 31 69 68 94 
10 5 22 94 44 
12 15 57 70 8 
33 46 45 45 19 
48 63 95 26 17 
2 40 4 90 69 
51 37 42 30 51 
40 2 66 50 92 
61 76 66 24 14 
32 55 11 64 49 
58 41 75 66 13 
50 17 40 75 80 
64 15 87 43 97 
38 99 45 87 69 
56 37 56 81 7 
92 6 2 36 65 
71 66 70 33 96 
100 44 48 35 8 
6 50 34 23 42 
85 28 57 51 25 
1 50 1 77 16 
67 80 85 29 61 
67 80 95 7 84 
54 56 29 26 64 
86 94 6 33 25 
29 47 83 90 80 
61 42 90 40 1 
57 16 23 86 31 
95 44 65 81 85 
93 62 53 78 66 
25 44 61 86 97 
56 31 39 29 96 
84 12 100 92 89 
86 86 5 67 17 
18 37 67 61 52 
61 25 96 0 70 
92 80 88 72 89 
87 54 59 92 52 
82 54 47 20 59 
13 70 35 5 93 
26 55 30 68 87 
67 49 28 63 37 
11 95 88 10 85 
90 44 93 6 76 
30 80 79 98 54 
84 1 88 99 9 
51 87 88 77 77 
69 47 30 74 60 
99 67 9 17 71 
32 69 62 96 91 
81 77 84 47 66 
95 12 16 36 7 
87 60 37 65 69 
48 60 1 57 79 
66 12 6 78 100 
66 72 1 61 82 
35 80 10 45 89 
85 67 25 37 71 
78 0 58 68 48 
64 3 14 85 62 
97 99 78 57 83 
22 46 58 78 21 
63 54 2 66 73 
46 98 22 44 8 
21 34 41 31 8 
71 2 14 50 28 
60 81 15 66 12 
80 17 12 60 27 
78 97 58 9 28 
63 49 89 0 63 
59 62 93 62 32 
23 2 97 34 46 
1 95 95 92 50 
96 28 1 21 72 
56 32 46 48 98 
91 37 39 79 89 
21 52 36 88 15 
16 28 35 51 57 
70 17 99 12 3 
92 34 37 78 90 
82 18 62 88 53 
9 59 25 75 37 
95 38 8 55 43 
100 17 69 87 86 
91 98 49 65 62 
75 35 96 48 53 
69 62 95 48 30 
90 1 61 54 94 
37 28 86 49 40 
90 41 81 31 85 
34 27 27 90 90 
28 62 40 20 82 
81 21 4 36 47 
51 95 6 91 42 
23 61 24 17 45 
7 78 24 17 53 
57 66 89 50 70 
51 51 85 47 61 
58 4 54 9 9 
56 77 29 70 71 
92 62 15 48 89 
48 57 50 27 52 
81 82 12 96 72 
57 52 59 44 68 
27 71 29 95 29 
70 80 77 11 89 
27 92 91 19 77 
14 58 41 18 29 
94 12 24 70 22 
22 62 89 54 3 
34 94 64 25 93 
44 9 86 93 96 
60 47 98 39 43 
86 63 75 84 15 
76 6 51 4 9 
35 92 2 30 75 
94 34 83 33 41 
87 69 21 43 69 
3 5 65 29 61 
3 48 32 23 72 
52 38 65 15 20 
27 76 20 3 13 
6 52 35 47 59 
99 17 73 79 59 
92 78 40 40 76 
24 85 21 90 46 
22 60 97 0 38 
84 16 8 92 81 
58 16 24 88 12 
50 30 0 45 5 
3 63 42 84 7 
35 63 6 53 51 
64 61 59 32 32 
1 48 13 44 66 
3 53 23 7 48 
69 28 71 61 89 
57 75 58 61 41 
4 39 62 47 37 
97 24 13 79 89 
82 77 21 41 26 
34 74 26 77 1 
4 75 47 89 33 
81 12 33 64 73 
97 91 87 91 4 
84 63 49 50 76 
52 74 83 16 34 
19 78 74 79 15 
83 1 79 88 47 
68 68 58 72 89 
81 25 50 21 64 
55 18 19 64 91 
43 63 42 32 25 
41 49 92 70 22 
74 35 61 66 67 
7 14 12 17 16 
100 89 68 96 92 
19 86 84 27 38 
90 17 52 84 17 
63 78 76 43 53 
55 51 64 1 13 
18 40 37 58 24 
28 31 35 63 63 
10 96 30 16 76 
81 14 36 2 29 
49 71 90 11 96 
43 62 60 91 61 
73 81 30 10 57 
30 78 15 87 5 
61 11 57 71 25 
67 43 97 60 27 
49 17 39 73 75 
35 40 44 33 44 
84 86 14 59 7 
23 9 65 90 43 
51 89 98 69 66 
86 32 17 79 8 
77 78 34 66 78 
22 90 26 56 33 
73 75 1 9 3 
72 93 94 81 55 
18 32 16 5 92 
56 18 89 51 39 
44 72 4 11 11 
11 87 75 46 78 
80 76 90 93 14 
72 42 68 79 40 
17 84 79 60 0 
75 87 28 64 89 
81 29 95 14 73 
18 20 72 17 90 
68 92 73 21 52 
59 65 72 26 96 
33 37 69 85 29 
22 56 55 73 82 
77 82 93 31 42 
89 49 41 7 37 
63 82 26 68 56 
9 18 54 52 99 
51 55 78 65 18 
79 26 15 51 46 
33 34 56 4 83 
47 90 15 48 26 
62 76 16 28 52 
5 75 48 6 93 
44 67 63 90 52 
85 78 37 56 35 
31 59 89 51 95 
6 94 95 11 75 
63 92 36 2 84 
63 9 72 66 39 
81 78 82 96 17 
24 59 23 37 78 
2 97 27 90 48 
69 28 2 36 92 
63 25 81 46 39 
82 43 76 79 76 
57 6 22 18 4 
2 10 99 25 59 
43 53 81 27 92 
87 45 58 56 83 
95 15 65 54 22 
20 57 81 28 63 
88 66 13 25 87 
73 68 81 6 33 
25 34 61 75 43 
55 1 71 32 27 
77 71 62 59 23 
3 59 86 51 89 
45 89 77 45 91 
35 4 74 8 10 
49 18 55 1 33 
93 48 0 62 0 
71 64 81 38 37 
59 21 99 40 47 
83 11 55 65 54 
59 82 73 97 17 
53 41 50 43 74 
66 72 100 19 22 
56 78 83 36 30 
34 0 68 14 76 
50 92 92 90 92 
3 24 35 70 40 
40 46 10 28 18 
95 18 36 83 96 
98 70 93 100 13 
50 8 81 76 98 
36 0 35 28 46 
67 44 1 58 70 
32 43 63 37 90 
83 59 69 6 93 
71 14 22 49 62 
18 15 89 84 80 
15 16 2 91 9 
73 61 80 30 32 
7 88 81 2 35 
72 28 89 40 21 
59 63 4 36 18 
25 66 58 15 76 
1 36 85 39 40 
62 78 96 29 55 
68 54 38 66 5 
30 47 65 19 61 
19 45 78 84 82 
91 9 22 0 23 
82 13 24 33 62 
65 29 28 93 74 
83 67 88 12 63 
67 59 73 76 37 
71 87 14 2 12 
45 77 99 92 23 
75 76 70 39 1 
71 27 26 90 89 
44 50 20 37 49 
70 97 64 62 48 
2 57 6 25 87 
11 34 14 51 82 
30 24 32 59 86 
59 1 83 1 69 
5 95 56 4 12 
34 10 0 3 15 
79 77 67 80 60 
9 61 17 20 41 
70 99 34 24 44 
28 59 41 26 52 
36 99 60 83 46 
11 33 63 46 72 
17 32 28 49 1 
58 37 17 5 47 
86 97 1 70 40 
69 6 11 23 53 
91 52 78 91 31 
1 67 10 44 88 
11 77 37 55 47 
33 96 44 46 54 
80 27 19 59 61 
35 56 29 81 14 
91 22 3 60 63 
54 6 82 62 92 
13 7 52 8 3 
46 22 92 86 82 
20 0 71 23 21 
17 79 51 90 24 
26 46 67 89 86 
31 53 25 13 67 
69 57 65 69 96 
9 78 26 78 67 
69 7 50 37 46 
70 9 55 19 10 
18 85 54 53 92 
99 8 95 82 88 
4 12 2 12 73 
8 70 48 94 57 
28 26 29 61 98 
16 29 0 52 77 
63 9 35 47 29 
37 55 51 30 43 
39 94 54 2 84 
32 68 26 74 36 
62 97 23 28 13 
73 81 24 48 90 
10 39 81 78 46 
60 70 41 68 96 
25 89 15 42 64 
100 1 28 15 53 
78 92 35 42 62 
70 70 64 77 73 
90 80 24 19 57 
96 26 76 31 7 
48 75 17 77 86 
92 61 25 2 47 
53 57 8 57 18 
5 11 56 95 5 
0 77 18 83 81 
22 56 43 97 47 
97 58 48 87 74 
0 81 70 7 69 
14 16 51 21 49 
66 68 67 96 58 
40 69 0 10 84 
22 48 44 71 38 
18 99 27 86 99 
90 22 56 90 95 
78 4 1 44 99 
67 11 65 39 18 
80 56 97 63 64 
4 0 51 41 59 
82 1 97 58 98 
99 37 11 37 64 
87 100 87 2 19 
76 73 1 7 60 
38 50 3 65 22 
100 78 93 21 87 
56 38 63 45 5 
52 19 83 66 1 
52 14 30 31 71 
88 14 92 65 84 
31 16 39 35 57 
97 26 68 0 80 
13 76 92 62 14 
72 92 83 29 41 
6 16 34 35 64 
96 36 71 26 41 
2 75 66 55 41 
1 67 84 4 33 
94 61 35 77 72 
58 13 88 57 96 
45 42 1 80 81 
88 90 88 26 1 
76 77 28 27 36 
2 68 19 95 98 
12 22 53 58 58 
74 11 95 43 92 
19 94 10 26 75 
53 6 37 79 31 
8 54 28 10 75 
28 6 42 81 54 
93 88 11 38 69 
80 91 63 29 48 
56 73 9 96 78 
14 53 19 58 52 
46 50 66 62 74 
10 92 24 73 27 
98 14 64 85 19 
4 97 10 54 68 
55 46 83 24 27 
79 53 87 57 69 
15 37 47 72 26 
24 65 17 15 99 
43 45 27 3 76 
57 32 48 77 33 
19 81 38 51 26 
30 31 67 54 45 
86 3 15 88 84 
37 33 25 75 93 
90 37 26 23 64 
83 2 7 75 2 
39 34 57 19 46 
50 23 65 95 53 
20 64 73 16 45 
59 80 46 54 17 
84 48 13 61 0 
67 53 38 66 20 
5 32 39 28 32 
14 44 10 70 8 
60 33 77 86 2 
25 3 85 22 44 
37 8 81 77 80 
95 72 6 38 69 
53 3 42 52 45 
17 76 66 85 50 
65 76 26 63 25 
35 36 99 71 14 
64 5 57 48 28 
49 37 9 48 76 
27 12 0 15 49 
80 41 20 59 99 
58 39 54 38 8 
54 40 36 42 13 
97 66 60 48 22 
82 57 64 41 71 
50 68 13 93 95 
80 51 55 23 55 
21 8 47 56 99 
51 47 78 74 98 
66 98 77 26 50 
93 1 53 44 7 
34 75 11 18 11 
0 100 14 16 91 
47 58 68 3 70 
12 38 70 26 52 
3 94 34 60 0 
20 17 32 53 4 
4 7 19 81 95 
52 61 98 14 62 
63 77 93 66 58 
30 35 79 82 54 
58 77 91 71 78 
88 26 63 14 60 
64 48 88 12 59 
94 4 77 86 56 
89 56 24 9 43 
28 91 34 90 86 
89 87 12 86 62 
0 62 49 47 15 
79 28 29 90 34 
9 5 100 31 7 
31 46 50 55 65 
75 50 57 28 46 
70 29 61 23 86 
84 83 9 33 49 
59 46 78 93 86 
25 34 64 71 41 
7 84 12 67 30 
11 12 6 38 63 
35 5 63 2 64 
41 74 35 30 66 
41 74 74 54 64 
20 4 99 45 22 
0 55 7 93 38 
83 85 43 50 73 
28 61 67 81 64 
64 93 77 45 92 
63 91 16 44 94 
89 58 42 13 100 
41 81 25 68 36 
21 73 87 62 18 
11 58 73 79 92 
8 44 19 75 61 
23 47 33 77 23 
6 68 46 71 85 
78 55 62 47 40 
10 94 86 19 27 
58 30 17 70 23 
16 15 95 40 46 
12 11 48 69 93 
99 20 54 15 12 
65 38 88 51 98 
77 13 92 70 34 
15 35 47 50 62 
76 58 50 12 70 
80 11 81 97 41 
100 44 100 13 51 
35 37 20 61 58 
8 72 94 70 93 
36 0 57 67 98 
43 73 91 10 54 
95 23 40 21 89 
31 11 51 43 22 
87 97 42 88 28 
2 41 51 59 72 
14 62 67 49 78 
34 68 56 36 7 
33 20 86 82 80 
47 48 77 52 10 
99 6 61 81 95 
95 53 24 45 40 
55 51 24 21 61 
73 90 20 54 100 
88 35 88 27 3 
28 0 10 43 32 
2 6 18 3 6 
65 58 35 0 51 
72 37 3 21 64 
54 64 11 63 46 
86 38 77 64 7 
40 21 15 90 58 
35 53 37 44 58 
21 28 45 97 21 
32 60 48 99 42 
85 61 66 60 17 
31 32 43 14 85 
27 29 53 64 34 
21 70 45 32 81 
26 89 63 22 8 
82 11 25 48 70 
80 42 47 30 5 
20 46 12 38 85 
50 11 22 68 5 
8 18 64 54 53 
9 22 16 60 31 
9 13 28 71 13 
99 68 65 11 39 
2 3 0 12 31 
22 16 4 90 22 
89 97 73 99 22 
9 86 72 71 23 
2 54 27 21 54 
52 100 23 32 60 
8 16 58 47 15 
44 71 27 25 61 
24 7 78 82 100 
61 49 14 61 97 
44 96 18 87 79 
94 83 1 1 81 
56 87 67 25 64 
61 89 72 5 20 
45 97 11 45 85 
76 54 61 62 28 
22 68 76 1 44 
97 60 8 38 12 
52 42 92 91 58 
94 61 73 64 85 
79 82 47 10 47 
98 24 53 83 35 
98 47 81 44 14 
96 29 77 60 56 
92 81 97 25 13 
90 59 29 23 44 
94 31 2 61 36 
96 91 40 27 88 
3 23 17 48 89 
3 21 62 4 90 
15 64 74 27 94 
77 90 67 25 78 
85 99 2 16 83 
77 11 70 75 15 
26 83 69 12 14 
43 61 0 27 85 
38 66 41 50 5 
42 17 29 60 78 
47 19 82 95 61 
49 94 73 6 29 
21 28 80 17 100 
80 32 69 98 53 
66 7 67 7 33 
47 23 97 55 35 
73 46 64 60 98 
79 78 7 78 64 
46 20 26 40 59 
56 88 84 51 55 
22 53 96 76 52 
41 47 48 55 8 
6 56 72 78 97 
40 19 60 62 60 
15 33 49 14 45 
25 95 6 29 21 
86 56 85 0 34 
51 80 50 63 100 
28 55 87 3 82 
78 9 38 91 84 
81 2 11 77 68 
48 96 84 42 94 
7 32 99 18 68 
39 12 95 18 12 
52 99 33 82 82 
58 83 36 8 100 
92 39 87 78 40 
28 92 65 26 97 
3 42 69 40 32 
10 17 62 30 85 
14 93 33 22 50 
3 78 91 49 65 
74 33 31 10 28 
85 67 68 60 32 
2 91 6 80 60 
94 22 41 22 55 
46 99 86 9 49 
29 72 73 87 98 
23 35 93 44 36 
38 17 82 15 23 
88 99 36 87 48 
62 18 98 96 97 
76 35 78 19 31 
78 49 12 86 32 
80 24 73 56 32 
0 9 30 44 43 
3 69 84 47 99 
18 71 34 53 39 
14 58 30 40 78 
56 15 54 57 90 
78 28 40 73 60 
79 95 83 97 83 
45 43 58 16 50 
43 95 31 1 99 
53 18 76 71 73 
82 36 4 44 36 
38 29 41 41 23 
59 43 9 42 18 
50 98 41 59 47 
33 23 87 45 100 
23 86 20 16 26 
21 16 79 78 80 
89 20 57 8 25 
14 85 1 34 94 
49 60 66 37 97 
84 61 72 88 59 
75 76 76 3 61 
16 49 43 98 96 
30 8 58 11 63 
55 13 66 62 34 
57 62 36 40 88 
70 1 67 14 37 
96 65 96 59 71 
99 27 96 62 80 
81 78 36 52 76 
30 80 20 7 77 
96 37 13 70 31 
86 87 41 5 17 
94 32 15 60 38 
99 33 51 18 75 
74 69 8 84 6 
10 44 22 38 50 
9 61 82 3 91 
86 84 46 1 0 
83 3 76 46 84 
78 23 31 57 70 
5 69 30 28 49 
9 69 17 60 15 
6 11 69 83 57 
86 41 46 78 5 
40 44 10 36 7 
63 84 20 72 44 
82 95 25 96 71 
13 96 41 3 35 
19 81 84 10 25 
6 92 95 99 16 
47 32 71 18 79 
59 47 79 93 40 
68 71 31 6 8 
7 67 58 66 25 
66 12 56 84 9 
31 47 79 35 0 
81 71 18 28 96 
44 47 99 60 62 
66 11 82 92 42 
7 0 16 40 77 
15 43 67 74 41 
48 70 96 23 59 
9 75 14 69 53 
33 20 5 33 58 
10 46 6 2 47 
24 95 95 82 59 
36 21 56 9 44 
40 1 79 30 49 
73 88 38 1 21 
68 91 99 64 89 
39 83 0 37 10 
94 98 43 10 42 
1 98 3 24 59 
14 78 96 14 81 
3 31 45 51 58 
71 92 80 21 93 
95 48 98 91 14 
21 98 24 14 3 
54 52 34 50 29 
54 76 12 36 23 
13 54 83 16 96 
42 18 28 84 43 
69 84 71 65 80 
2 1 44 92 94 
82 64 18 73 35 
62 75 57 84 31 
40 35 67 99 10 
47 52 41 53 36 
50 7 64 43 7 
42 16 96 96 16 
96 0 43 87 97 
66 41 61 55 20 
38 64 71 77 71 
96 64 60 3 22 
29 56 11 21 46 
70 25 89 50 51 
99 35 59 16 19 
11 64 53 57 27 
18 52 23 76 78 
63 2 98 99 13 
28 6 5 11 1 
59 59 41 48 3 
83 62 60 6 59 
2 16 97 85 99 
70 73 62 99 0 
12 25 68 48 69 
33 73 91 62 91 
26 58 7 96 69 
0 32 42 27 76 
64 29 46 17 66 
64 56 89 75 47 
40 47 22 94 69 
92 56 51 2 49 
3 2 95 77 79 
74 5 41 27 100 
58 89 56 72 68 
65 12 6 93 6 
80 1 99 88 45 
73 56 26 61 86 
84 31 83 88 57 
79 70 55 24 16 
15 68 69 13 98 
52 29 4 70 30 
78 28 62 27 57 
91 11 69 22 83 
70 17 53 99 68 
95 69 19 74 86 
94 34 43 59 88 
87 29 53 70 29 
2 25 10 50 51 
21 53 87 56 46 
20 19 82 95 41 
31 90 41 45 26 
69 56 47 76 21 
88 89 84 19 12 
65 45 48 82 5 
97 72 14 45 9 
3 51 59 60 18 
26 13 97 98 14 
0 61 44 50 82 
82 91 63 75 92 
92 85 58 38 55 
72 37 1 36 30 
73 36 28 74 63 
10 60 43 73 66 
34 48 9 57 74 
32 37 70 56 71 
23 34 52 92 86 
67 0 70 79 93 
6 30 70 95 95 
76 2 14 40 82 
33 26 86 13 61 
13 85 1 69 30 
99 92 9 6 18 
73 35 77 84 65 
80 12 47 20 92 
24 14 34 64 71 
19 3 72 42 77 
28 47 23 89 61 
4 43 61 8 85 
83 36 18 89 33 
7 15 86 38 3 
31 31 2 46 92 
46 29 13 13 18 
50 76 79 17 95 
9 94 90 48 5 
17 73 16 20 55 
52 76 21 36 93 
16 34 56 19 75 
42 98 83 38 34 
14 10 78 70 67 
21 70 40 77 81 
31 85 27 98 76 
95 0 80 73 68 
71 65 31 23 96 
51 81 99 23 45 
97 35 84 6 66 
13 64 40 17 55 
18 99 82 41 63 
56 22 71 95 24 
73 80 5 27 79 
67 72 32 47 62 
56 42 72 24 93 
49 35 18 41 85 
74 88 24 89 93 
68 17 31 29 13 
97 28 94 50 11 
4 36 45 68 74 
30 69 85 48 0 
82 62 15 79 44 
99 96 57 37 75 
60 0 1 43 38 
8 25 30 47 44 
50 59 24 75 95 
33 98 7 59 68 
44 54 22 34 4 
90 87 92 56 9 
44 13 74 49 73 
4 22 37 11 13 
97 36 10 34 42 
65 74 82 77 85 
53 90 23 89 7 
56 69 42 1 92 
11 12 48 51 86 
37 2 38 11 34 
14 11 92 85 100 
49 3 71 29 32 
93 58 28 81 25 
12 36 55 83 35 
21 82 20 56 26 
46 89 58 27 37 
26 26 33 24 9 
51 73 15 10 83 
3 81 48 13 56 
97 5 31 20 49 
42 5 42 17 98 
14 2 48 54 17 
52 7 0 25 93 
32 52 12 5 74 
94 56 21 77 27 
66 54 52 32 72 
53 94 97 2 91 
10 8 43 48 88 
34 55 95 83 24 
78 42 21 87 81 
94 7 17 30 35 
0 7 8 31 87 
20 33 30 91 16 
67 0 42 84 19 
81 99 63 29 10 
42 6 42 47 56 
32 24 36 85 59 
26 97 14 91 91 
87 30 100 49 39 
67 54 98 39 96 
61 49 12 96 64 
42 58 91 86 17 
38 35 41 74 82 
29 24 88 96 27 
13 68 82 7 2 
22 13 9 53 87 
78 38 32 59 11 
71 90 100 30 90 
43 24 75 8 94 
94 26 81 97 83 
92 98 37 42 56 
30 76 37 24 71 
25 96 35 81 97 
4 58 23 80 98 
80 29 47 97 27 
60 92 17 54 92 
41 7 100 52 74 
28 6 38 22 46 
55 10 32 64 64 
16 18 76 17 87 
90 4 40 100 69 
62 51 7 41 16 
42 71 13 80 75 
75 0 35 67 87 
95 96 74 21 60 
47 66 85 56 32 
20 73 34 79 89 
3 7 73 10 66 
63 18 74 56 41 
99 85 75 45 15 
20 40 13 31 45 
78 29 48 2 7 
49 13 70 57 41 
82 22 15 52 50 
42 37 25 10 20 
40 52 91 53 54 
91 81 94 70 59 
5 18 57 87 26 
13 50 72 74 36 
22 28 65 2 25 
61 96 51 62 62 
16 0 76 77 17 
99 61 37 49 7 
25 1 83 68 61 
26 91 86 62 11 
59 62 59 98 9 
6 76 40 37 68 
58 60 73 26 97 
17 97 39 26 40 
38 86 15 94 39 
24 95 54 96 9 
95 71 40 55 3 
73 14 49 41 65 
37 93 6 71 7 
56 83 79 84 33 
68 4 57 43 64 
79 15 56 89 25 
100 12 69 11 0 
52 61 82 55 89 
95 57 60 37 9 
85 20 38 83 9 
60 83 57 60 74 
86 95 12 35 77 
30 33 17 79 62 
41 75 1 97 10 
49 91 80 53 33 
54 6 39 89 85 
17 88 41 37 29 
71 60 66 70 56 
33 51 21 80 71 
74 23 81 94 34 
41 93 21 98 53 
49 81 38 97 27 
5 25 7 78 58 
52 82 84 90 30 
42 84 52 87 80 
74 11 65 72 11 
41 37 88 97 83 
12 86 41 11 23 
34 48 10 66 56 
32 21 48 32 23 
27 82 1 70 63 
30 32 36 10 13 
69 26 12 66 54 
18 20 72 7 85 
68 12 3 25 46 
77 69 78 68 85 
65 65 9 61 28 
64 27 41 82 47 
39 81 64 11 41 
74 1 32 96 18 
30 6 8 20 41 
17 1 1 7 67 
12 80 69 95 50 
41 84 2 9 47 
84 46 16 22 2 
79 13 98 33 3 
42 85 53 67 83 
90 47 51 83 5 
62 58 55 63 41 
93 80 72 89 35 
78 47 54 60 6 
27 60 84 26 72 
39 82 87 95 3 
66 53 88 42 60 
83 13 34 66 47 
2 25 17 29 64 
77 30 44 65 45 
57 93 1 10 44 
73 29 91 81 56 
32 34 21 62 38 
54 43 0 43 86 
62 95 80 89 21 
23 92 95 55 84 
94 90 83 45 29 
57 47 97 0 8 
22 37 60 88 96 
36 91 44 38 82 
2 47 80 12 88 
36 25 55 76 47 
81 71 39 24 65 
95 85 45 10 100 
12 48 50 7 43 
88 94 11 77 99 
16 28 3 49 53 
53 47 30 85 99 
28 24 48 17 89 
7 9 5 61 62 
40 62 20 12 32 
3 40 74 68 18 
27 64 33 49 48 
6 85 84 60 1 
5 40 8 13 88 
60 44 4 73 72 
85 94 28 59 4 
72 87 9 56 29 
52 56 57 8 21 
97 32 37 71 63 
72 87 49 73 9 
61 58 60 76 1 
79 62 61 29 40 
20 58 16 100 66 
43 32 17 5 5 
94 96 84 96 24 
32 62 80 100 81 
77 43 85 20 60 
23 35 32 19 68 
53 85 16 42 98 
92 63 44 95 0 
13 69 88 18 56 
28 71 81 33 67 
93 91 93 42 27 
36 27 8 77 73 
20 61 80 43 40 
60 21 34 36 8 
9 45 10 24 77 
20 78 23 76 97 
67 26 75 49 64 
43 78 70 55 8 
45 91 58 2 8 
86 51 98 24 54 
25 60 86 6 8 
65 32 57 13 96 
23 67 8 82 70 
20 36 43 51 14 
14 73 39 31 56 
86 41 11 49 52 
94 25 83 42 31 
87 28 5 38 43 
75 76 56 31 41 
61 61 34 48 60 
18 6 93 86 96 
88 14 67 15 63 
58 6 40 60 99 
76 83 16 45 20 
3 9 20 32 73 
93 87 85 54 72 
96 74 67 86 67 
34 95 91 19 79 
2 100 26 38 22 
95 18 86 90 13 
29 78 17 61 81 
33 86 9 19 65 
1 80 32 99 52 
64 43 86 58 96 
64 17 1 23 28 
84 46 0 95 30 
58 11 5 45 29 
57 8 85 92 43 
54 70 53 55 4 
8 89 53 92 80 
94 36 41 53 36 
11 60 45 42 30 
23 87 8 3 6 
18 10 21 25 95 
74 27 87 52 32 
62 61 56 16 68 
11 8 95 40 92 
32 33 98 2 66 
31 74 4 54 34 
83 6 15 25 72 
2 65 0 96 22 
63 14 2 10 53 
65 39 36 62 98 
60 14 9 76 59 
58 76 85 43 98 
88 37 14 32 70 
32 51 71 85 39 
72 20 49 52 13 
49 49 2 54 25 
29 77 82 58 69 
29 92 13 12 51 
0 51 40 26 53 
18 84 78 49 92 
50 29 21 36 57 
91 69 79 37 54 
2 50 25 100 33 
27 16 62 4 20 
12 29 76 76 51 
45 82 99 41 90 
68 1 3 80 40 
63 58 26 68 17 
61 3 90 31 91 
68 16 62 61 54 
94 15 28 40 93 
27 7 71 27 57 
38 89 60 14 66 
100 97 91 64 86 
44 70 10 47 67 
92 78 18 18 74 
61 58 87 13 91 
65 40 62 2 21 
20 77 87 99 43 
71 75 25 5 49 
29 24 69 92 66 
9 11 2 67 38 
3 66 65 38 10 
42 59 53 72 99 
6 71 17 92 77 
56 86 45 45 97 
50 76 91 98 38 
95 1 58 48 45 
7 49 74 41 69 
62 39 23 3 13 
36 89 6 50 65 
3 14 10 37 17 
99 75 20 64 54 
55 83 51 48 1 
45 41 58 50 25 
52 16 79 16 91 
54 23 93 100 11 
61 81 96 29 83 
12 24 0 28 2 
0 50 26 27 9 
17 35 12 80 21 
50 63 22 85 95 
45 72 88 19 18 
59 46 21 73 7 
67 97 77 50 53 
47 59 85 24 32 
7 6 24 83 80 
32 40 76 100 98 
57 18 74 94 29 
6 32 12 15 1 
31 83 51 54 19 
25 20 37 95 53 
48 85 22 97 30 
81 18 35 8 62 
56 93 20 40 23 
90 82 50 30 95 
27 4 80 80 66 
7 67 40 42 50 
75 10 45 77 23 
95 91 35 30 9 
9 77 50 29 36 
53 14 49 19 94 
90 26 94 29 71 
25 74 88 24 44 
62 76 77 43 40 
4 13 88 4 99 
46 13 77 12 47 
59 19 75 28 55 
88 61 82 66 48 
47 0 37 53 73 
92 64 29 4 40 
63 54 89 17 84 
8 4 87 15 88 
24 8 66 98 70 
45 47 41 26 99 
97 40 0 24 49 
5 65 78 99 71 
41 48 3 33 54 
98 20 55 46 99 
65 13 87 62 52 
64 41 64 100 20 
7 74 96 0 76 
13 29 93 29 99 
94 74 63 9 83 
96 47 9 9 18 
72 18 39 28 81 
100 49 74 79 97 
28 31 51 59 84 
73 98 39 59 67 
93 94 42 59 44 
70 43 40 20 20 
82 89 15 55 94 
85 55 52 65 29 
0 42 0 96 46 
60 86 82 37 89 
12 84 48 84 37 
98 44 57 6 22 
51 1 71 36 98 
60 9 51 18 85 
39 80 97 31 25 
2 23 47 42 98 
34 39 35 67 66 
68 34 4 68 29 
50 67 16 36 54 
34 21 17 92 19 
58 88 86 52 9 
25 90 83 44 86 
27 98 44 49 95 
35 96 39 79 45 
1 33 61 23 79 
58 15 3 93 38 
73 54 98 0 79 
36 45 24 93 50 
64 19 18 33 92 
14 40 94 34 15 
30 31 79 45 35 
69 87 79 38 56 
99 66 20 86 55 
75 52 66 74 8 
30 29 89 16 8 
76 1 9 46 88 
72 49 82 52 55 
14 37 93 87 35 
56 38 29 43 14 
58 92 66 87 56 
42 83 64 88 99 
95 81 30 26 46 
55 89 92 30 45 
16 61 47 28 53 
43 1 2 12 74 
60 17 11 98 42 
7 37 93 12 24 
18 59 40 78 36 
77 61 47 20 42 
74 76 64 13 52 
79 34 40 43 71 
78 19 31 26 73 
63 63 45 18 53 
50 80 96 47 30 
77 50 77 81 85 
38 45 29 32 85 
24 98 41 89 73 
94 47 23 83 21 
97 63 2 25 89 
68 41 77 80 53 
100 23 24 62 19 
4 83 63 78 40 
22 59 96 20 49 
84 40 37 30 86 
22 7 33 62 37 
50 18 34 53 19 
86 46 66 59 16 
99 0 88 53 98 
77 61 54 14 11 
95 5 69 89 66 
98 5 40 10 54 
72 9 52 84 69 
47 20 40 2 77 
55 39 2 98 33 
32 91 16 97 96 
25 56 73 4 46 
77 83 11 57 20 
26 42 23 66 68 
59 27 50 79 23 
75 100 80 92 95 
34 12 79 41 5 
87 62 72 85 45 
42 62 79 96 55 
21 37 51 35 59 
78 28 88 43 90 
98 28 27 36 57 
23 100 60 2 80 
48 88 40 14 55 
12 83 7 59 37 
23 84 10 2 37 
79 34 76 32 60 
54 76 35 26 97 
93 14 27 89 81 
36 44 36 12 100 
75 93 76 91 72 
62 55 49 87 42 
88 43 47 99 15 
69 28 0 64 69 
73 98 100 4 12 
14 31 50 5 42 
97 62 8 37 18 
2 72 23 57 94 
26 27 64 53 36 
48 29 69 32 3 
37 76 92 4 34 
17 68 42 32 50 
95 44 4 73 87 
89 4 96 16 95 
61 2 96 78 85 
25 37 57 70 37 
15 43 35 33 41 
16 11 21 52 31 
2 89 95 29 4 
45 27 50 49 6 
4 22 35 25 6 
84 49 63 96 28 
55 51 23 78 10 
50 8 58 36 22 
71 17 91 78 71 
88 77 100 17 4 
45 88 51 9 66 
67 4 98 84 99 
98 77 50 91 64 
82 44 9 90 9 
95 50 77 56 43 
99 26 59 61 51 
69 38 1 48 5 
71 94 96 4 62 
85 38 7 29 58 
62 89 10 60 90 
18 93 20 28 82 
77 49 22 76 86 
34 39 18 41 29 
43 42 18 45 32 
15 10 92 44 2 
54 15 93 41 63 
10 93 69 82 38 
2 44 74 57 35 
72 89 96 51 84 
38 52 100 6 50 
89 48 90 80 73 
69 41 72 9 61 
78 1 3 58 11 
36 98 57 69 14 
54 96 92 48 61 
99 7 44 76 47 
22 15 23 96 96 
44 8 5 20 89 
4 12 61 9 76 
3 24 13 64 67 
78 45 14 49 37 
25 58 61 57 93 
53 16 96 64 42 
62 95 78 95 24 
59 9 72 87 86 
86 64 86 41 12 
58 76 80 17 98 
58 79 51 17 81 
25 82 4 7 0 
26 31 2 4 5 
84 21 34 34 91 
45 77 67 17 38 
20 41 16 7 46 
100 62 40 24 69 
7 10 97 26 23 
26 49 48 55 23 
34 29 54 96 73 
62 16 100 33 77 
58 22 71 94 0 
93 82 10 38 19 
64 3 43 37 1 
76 59 21 65 0 
82 51 52 10 29 
93 14 76 70 74 
73 90 19 59 57 
60 19 71 61 56 
12 89 97 82 7 
45 87 39 17 70 
9 7 61 10 86 
61 17 40 90 27 
6 39 3 39 95 
12 25 14 60 76 
8 35 56 41 6 
24 100 39 32 50 
89 96 26 94 76 
31 53 80 39 100 
89 81 45 92 47 
37 1 64 88 59 
